Stream; Time Stamp; Data
R;pause;OFF
E4_Bvp;1652105384,56909;15,57807
E4_Bvp;1652105384,58472;14,22948
E4_Bvp;1652105384,60035;13,19224
E4_Bvp;1652105384,61597;12,68417
E4_Bvp;1652105384,6316;12,74654
E4_Bvp;1652105384,64722;13,24773
E4_Bvp;1652105384,66285;13,97694
E4_Bvp;1652105384,67847;14,76045
E4_Bvp;1652105384,6941;15,4987
E4_Bvp;1652105384,70973;16,1447
E4_Bvp;1652105384,72535;16,67374
E4_Bvp;1652105384,74098;17,01297
E4_Bvp;1652105384,7566;17,04263
E4_Bvp;1652105384,77223;16,68607
E4_Bvp;1652105384,78785;15,94458
E4_Bvp;1652105384,80348;14,95027
E4_Bvp;1652105384,81911;13,89541
E4_Bvp;1652105384,83473;12,98771
E4_Bvp;1652105384,85036;12,33009
E4_Bvp;1652105384,86598;11,91494
E4_Bvp;1652105384,88161;11,62766
E4_Bvp;1652105384,89723;11,28942
E4_Bvp;1652105384,91286;10,74976
E4_Bvp;1652105384,92849;9,867905
E4_Bvp;1652105384,94411;8,612099
E4_Bvp;1652105384,95974;6,976692
E4_Bvp;1652105384,97536;5,029404
E4_Bvp;1652105384,99099;2,921623
E4_Bvp;1652105385,00661;0,8142014
E4_Bvp;1652105385,02224;-1,164917
E4_Bvp;1652105385,03787;-2,934174
E4_Bvp;1652105385,05349;-4,488846
E4_Bvp;1652105385,06912;-5,912903
E4_Bvp;1652105385,08474;-7,278908
E4_Bvp;1652105385,10037;-8,679436
E4_Bvp;1652105385,11599;-10,1801
E4_Bvp;1652105385,13162;-11,82152
E4_Bvp;1652105385,14725;-13,65636
E4_Bvp;1652105385,16287;-15,77872
E4_Bvp;1652105385,1785;-18,28889
E4_Bvp;1652105385,19412;-21,23206
E4_Bvp;1652105385,20975;-24,54149
E4_Bvp;1652105385,22537;-27,96043
E4_Bvp;1652105385,241;-31,04105
ManipulatedHR;1652105379,8399;116.6058
E4_Bvp;1652105385,25663;-33,19306
E4_Bvp;1652105385,27225;-33,79515
E4_Bvp;1652105385,28788;-32,3819
E4_Bvp;1652105385,3035;-28,78744
E4_Bvp;1652105385,31913;-23,27387
E4_Bvp;1652105385,33475;-16,45514
E4_Bvp;1652105385,35038;-9,203415
E4_Bvp;1652105385,36601;-2,383247
E4_Bvp;1652105385,38163;3,343567
E4_Bvp;1652105385,39726;7,638771
E4_Hr;1652105379,8399;72,44947
E4_Ibi;1652105379,8399;0,8281634
E4_Bvp;1652105385,41288;10,47473
E4_Gsr;1652105383,908;0,04741782
E4_Gsr;1652105384,158;0,04869938
E4_Gsr;1652105384,408;0,04869938
E4_Gsr;1652105384,658;0,04998094
E4_Gsr;1652105384,908;0,04869938
E4_Gsr;1652105385,158;0,05126251
E4_Bvp;1652105385,42851;12,02513
E4_Bvp;1652105385,44413;12,53503
E4_Bvp;1652105385,45976;12,19415
E4_Bvp;1652105385,47539;11,18314
E4_Bvp;1652105385,49101;9,751556
E4_Bvp;1652105385,50664;8,26384
E4_Bvp;1652105385,52226;7,167305
E4_Bvp;1652105385,53789;6,864899
E4_Bvp;1652105385,55351;7,543205
E4_Bvp;1652105385,56914;9,104675
E4_Bvp;1652105385,58477;11,20881
E4_Bvp;1652105385,60039;13,41067
E4_Bvp;1652105385,61602;15,27922
E4_Bvp;1652105385,63164;16,54239
E4_Bvp;1652105385,64727;17,11584
E4_Bvp;1652105385,66289;17,06197
E4_Bvp;1652105385,67852;16,5369
E4_Bvp;1652105385,69415;15,69821
E4_Bvp;1652105385,70977;14,70607
E4_Bvp;1652105385,7254;13,63412
E4_Bvp;1652105385,74102;12,52663
E4_Bvp;1652105385,75665;11,36706
E4_Bvp;1652105385,77227;10,13622
E4_Bvp;1652105385,7879;8,864365
E4_Bvp;1652105385,80353;7,638779
E4_Bvp;1652105385,81915;6,565521
E4_Bvp;1652105385,83478;5,707611
E4_Bvp;1652105385,8504;5,038826
E4_Bvp;1652105385,86603;4,41655
E4_Bvp;1652105385,88165;3,659027
E4_Bvp;1652105385,89728;2,660362
E4_Bvp;1652105385,91291;1,400513
E4_Bvp;1652105385,92853;-0,006759644
E4_Bvp;1652105385,94416;-1,370232
E4_Bvp;1652105385,95978;-2,565445
E4_Bvp;1652105385,97541;-3,572098
E4_Bvp;1652105385,99103;-4,510338
E4_Bvp;1652105386,00666;-5,610931
E4_Bvp;1652105386,02229;-7,048576
E4_Bvp;1652105386,03791;-8,866646
E4_Bvp;1652105386,05354;-10,95402
E4_Bvp;1652105386,06916;-13,06805
E4_Bvp;1652105386,08479;-14,94801
E4_Bvp;1652105386,10041;-16,4213
E4_Bvp;1652105386,11604;-17,46732
E4_Bvp;1652105386,13167;-18,25943
E4_Bvp;1652105386,14729;-19,10706
E4_Bvp;1652105386,16292;-20,34642
E4_Bvp;1652105386,17854;-22,21719
E4_Bvp;1652105386,19417;-24,7803
E4_Bvp;1652105386,2098;-27,77592
E4_Bvp;1652105386,22542;-30,66282
E4_Bvp;1652105386,24105;-32,68382
E4_Bvp;1652105386,25667;-33,04507
E4_Bvp;1652105386,2723;-31,20072
ManipulatedHR;1652105380,77745;91.99371
E4_Bvp;1652105386,28792;-27,03696
E4_Bvp;1652105386,30355;-20,93388
E4_Bvp;1652105386,31918;-13,67891
E4_Bvp;1652105386,3348;-6,229492
E4_Bvp;1652105386,35043;0,5786896
E4_Bvp;1652105386,36605;6,21862
E4_Bvp;1652105386,38168;10,48854
E4_Hr;1652105380,77745;63,99704
E4_Ibi;1652105380,77745;0,9375434
E4_Bvp;1652105386,3973;13,46783
E4_Bvp;1652105386,41293;15,35279
E4_Bvp;1652105386,42856;16,30255
E4_Bvp;1652105386,44418;16,43253
E4_Bvp;1652105386,45981;15,8372
E4_Bvp;1652105386,47543;14,67654
E4_Bvp;1652105386,49106;13,27084
E4_Bvp;1652105386,50668;12,00767
E4_Bvp;1652105386,52231;11,28112
E4_Bvp;1652105386,53794;11,30532
E4_Bvp;1652105386,55356;12,0913
E4_Bvp;1652105386,56919;13,42248
E4_Bvp;1652105386,58481;14,96764
E4_Bvp;1652105386,60044;16,4129
E4_Bvp;1652105386,61606;17,58422
E4_Bvp;1652105386,63169;18,46338
E4_Bvp;1652105386,64732;19,10704
E4_Bvp;1652105386,66294;19,55427
E4_Bvp;1652105386,67857;19,81215
E4_Bvp;1652105386,69419;19,77335
E4_Bvp;1652105386,70982;19,31503
E4_Bvp;1652105386,72544;18,38543
E4_Bvp;1652105386,74107;17,04184
E4_Bvp;1652105386,7567;15,48129
E4_Bvp;1652105386,77232;13,96056
E4_Bvp;1652105386,78795;12,71677
E4_Gsr;1652105385,408;0,05254406
E4_Gsr;1652105385,658;0,05126251
E4_Gsr;1652105385,908;0,05254406
E4_Gsr;1652105386,158;0,05254406
E4_Gsr;1652105386,408;0,05254406
E4_Gsr;1652105386,658;0,05126251
E4_Bvp;1652105386,80357;11,88859
E4_Bvp;1652105386,8192;11,47599
E4_Bvp;1652105386,83482;11,35675
E4_Bvp;1652105386,85045;11,3402
E4_Bvp;1652105386,86608;11,22134
E4_Bvp;1652105386,8817;10,85574
E4_Bvp;1652105386,89733;10,14497
E4_Bvp;1652105386,91295;9,106216
E4_Bvp;1652105386,92858;7,812881
E4_Bvp;1652105386,9442;6,422729
E4_Bvp;1652105386,95983;5,10685
E4_Bvp;1652105386,97546;3,959572
E4_Bvp;1652105386,99108;2,954361
E4_Bvp;1652105387,00671;1,907982
E4_Bvp;1652105387,02233;0,5948029
E4_Bvp;1652105387,03796;-1,168655
E4_Bvp;1652105387,05358;-3,390587
E4_Bvp;1652105387,06921;-5,934074
E4_Bvp;1652105387,08484;-8,541443
E4_Bvp;1652105387,10046;-11,04878
E4_Bvp;1652105387,11609;-13,4774
E4_Bvp;1652105387,13171;-16,03627
E4_Bvp;1652105387,14734;-18,99865
E4_Bvp;1652105387,16296;-22,56707
E4_Bvp;1652105387,17859;-26,71231
E4_Bvp;1652105387,19422;-31,20536
E4_Bvp;1652105387,20984;-35,75229
E4_Bvp;1652105387,22547;-40,00586
E4_Bvp;1652105387,24109;-43,65571
E4_Bvp;1652105387,25672;-46,37186
E4_Bvp;1652105387,27234;-47,78812
E4_Bvp;1652105387,28797;-47,66035
E4_Bvp;1652105387,3036;-46,00688
E4_Bvp;1652105387,31922;-43,31739
E4_Bvp;1652105387,33485;-40,5135
E4_Bvp;1652105387,35047;-38,64516
E4_Bvp;1652105387,3661;-38,36927
E4_Bvp;1652105387,38172;-39,59187
E4_Bvp;1652105387,39735;-41,45447
E4_Bvp;1652105387,41298;-42,69631
E4_Bvp;1652105387,4286;-42,29528
E4_Bvp;1652105387,44423;-39,91486
E4_Bvp;1652105387,45985;-36,01066
E4_Bvp;1652105387,47548;-31,51064
E4_Bvp;1652105387,4911;-27,30098
E4_Bvp;1652105387,50673;-23,86073
E4_Bvp;1652105387,52236;-21,15109
E4_Bvp;1652105387,53798;-18,91361
E4_Bvp;1652105387,55361;-16,90234
E4_Bvp;1652105387,56923;-15,13475
E4_Bvp;1652105387,58486;-13,83104
E4_Bvp;1652105387,60048;-13,25251
E4_Bvp;1652105387,61611;-13,46212
E4_Bvp;1652105387,63174;-14,27067
E4_Bvp;1652105387,64736;-15,27644
E4_Bvp;1652105387,66299;-16,00512
E4_Bvp;1652105387,67861;-16,12028
E4_Bvp;1652105387,69424;-15,4649
E4_Bvp;1652105387,70986;-14,14258
E4_Bvp;1652105387,72549;-12,35029
E4_Bvp;1652105387,74112;-10,31561
E4_Bvp;1652105387,75674;-8,091452
E4_Bvp;1652105387,77237;-5,557064
E4_Bvp;1652105387,78799;-2,533054
E4_Bvp;1652105387,80362;1,097128
E4_Bvp;1652105387,81924;5,206528
ManipulatedHR;1652105381,76187;88.32521
E4_Hr;1652105381,76187;60,94956
E4_Ibi;1652105381,76187;0,9844205
E4_Bvp;1652105387,83487;9,488153
E4_Bvp;1652105387,8505;13,43352
E4_Bvp;1652105387,86612;16,60958
E4_Bvp;1652105387,88175;18,76801
E4_Bvp;1652105387,89737;19,95456
E4_Bvp;1652105387,913;20,42192
E4_Bvp;1652105387,92862;20,46665
E4_Bvp;1652105387,94425;20,2993
E4_Bvp;1652105387,95988;19,93797
E4_Bvp;1652105387,9755;19,2788
E4_Bvp;1652105387,99113;18,13763
E4_Bvp;1652105388,00675;16,38544
E4_Bvp;1652105388,02238;14,05161
E4_Bvp;1652105388,038;11,34395
E4_Bvp;1652105388,05363;8,592064
E4_Bvp;1652105388,06926;6,16922
E4_Bvp;1652105388,08488;4,411942
E4_Bvp;1652105388,10051;3,417404
E4_Bvp;1652105388,11613;3,072601
E4_Bvp;1652105388,13176;2,952164
E4_Bvp;1652105388,14738;2,37291
E4_Bvp;1652105388,16301;0,6483994
E4_Bvp;1652105388,17864;-2,716812
E4_Bvp;1652105388,19426;-7,688828
E4_Bvp;1652105388,20989;-13,6331
E4_Bvp;1652105388,22551;-19,39909
E4_Bvp;1652105388,24114;-23,66309
E4_Bvp;1652105388,25676;-25,27119
E4_Bvp;1652105388,27239;-23,52997
E4_Bvp;1652105388,28802;-18,35516
E4_Bvp;1652105388,30364;-10,17621
E4_Bvp;1652105388,31927;0,1324005
E4_Bvp;1652105388,33489;11,51118
E4_Gsr;1652105386,908;0,04869938
E4_Gsr;1652105387,158;0,04869938
E4_Gsr;1652105387,408;0,04869938
E4_Gsr;1652105387,658;0,04869938
E4_Gsr;1652105387,908;0,04998094
E4_Gsr;1652105388,158;0,04998094
E4_Bvp;1652105388,35052;22,78653
E4_Bvp;1652105388,36614;32,83838
E4_Bvp;1652105388,38177;40,71698
E4_Bvp;1652105388,3974;45,85887
E4_Bvp;1652105388,41302;48,22623
E4_Bvp;1652105388,42865;48,25522
E4_Bvp;1652105388,44427;46,74889
E4_Bvp;1652105388,4599;44,50876
E4_Bvp;1652105388,47552;42,19504
E4_Bvp;1652105388,49115;40,25734
E4_Bvp;1652105388,50678;38,97354
E4_Bvp;1652105388,5224;38,6086
E4_Bvp;1652105388,53803;39,41232
E4_Bvp;1652105388,55365;41,55772
E4_Bvp;1652105388,56928;44,92561
E4_Bvp;1652105388,5849;49,047
E4_Bvp;1652105388,60053;53,03058
E4_Bvp;1652105388,61616;55,82198
E4_Bvp;1652105388,63178;56,47867
E4_Bvp;1652105388,64741;54,40646
E4_Bvp;1652105388,66303;49,54808
E4_Bvp;1652105388,67866;42,38503
E4_Bvp;1652105388,69428;33,82057
E4_Bvp;1652105388,70991;25,03523
E4_Bvp;1652105388,72554;17,27565
E4_Bvp;1652105388,74116;11,57111
E4_Bvp;1652105388,75679;8,534775
E4_Bvp;1652105388,77241;8,222137
E4_Bvp;1652105388,78804;10,1216
E4_Bvp;1652105388,80366;13,35638
E4_Bvp;1652105388,81929;16,90059
E4_Bvp;1652105388,83492;19,8093
E4_Bvp;1652105388,85054;21,35391
E4_Bvp;1652105388,86617;21,12155
E4_Bvp;1652105388,88179;18,94025
E4_Bvp;1652105388,89742;14,91962
E4_Bvp;1652105388,91305;9,435043
E4_Bvp;1652105388,92867;3,042664
E4_Bvp;1652105388,9443;-3,573502
E4_Bvp;1652105388,95992;-9,77832
E4_Bvp;1652105388,97555;-15,12117
E4_Bvp;1652105388,99117;-19,38879
E4_Bvp;1652105389,0068;-22,6371
E4_Bvp;1652105389,02243;-25,07661
E4_Bvp;1652105389,03805;-26,9733
E4_Bvp;1652105389,05368;-28,52972
E4_Bvp;1652105389,0693;-29,91611
E4_Bvp;1652105389,08493;-31,21841
E4_Bvp;1652105389,10055;-32,53575
E4_Bvp;1652105389,11618;-34,00488
E4_Bvp;1652105389,13181;-35,71306
E4_Bvp;1652105389,14743;-37,64027
E4_Bvp;1652105389,16306;-39,59612
E4_Bvp;1652105389,17868;-41,17232
E4_Bvp;1652105389,19431;-41,8119
E4_Bvp;1652105389,20993;-40,96187
E4_Bvp;1652105389,22556;-38,2395
E4_Bvp;1652105389,24119;-33,57529
E4_Bvp;1652105389,25681;-27,27216
E4_Bvp;1652105389,27244;-19,98761
E4_Bvp;1652105389,28806;-12,5318
E4_Bvp;1652105389,30369;-5,705017
E4_Bvp;1652105389,31931;-0,09953308
E4_Bvp;1652105389,33494;3,972153
E4_Bvp;1652105389,35057;6,470535
E4_Bvp;1652105389,36619;7,579544
E4_Bvp;1652105389,38182;7,626755
E4_Bvp;1652105389,39744;6,984207
E4_Bvp;1652105389,41307;6,019424
E4_Bvp;1652105389,42869;5,064499
E4_Bvp;1652105389,44432;4,383316
E4_Bvp;1652105389,45995;4,155075
E4_Bvp;1652105389,47557;4,487976
E4_Bvp;1652105389,4912;5,403427
E4_Bvp;1652105389,50682;6,842133
E4_Bvp;1652105389,52245;8,667435
E4_Bvp;1652105389,53807;10,6967
E4_Bvp;1652105389,5537;12,72624
E4_Bvp;1652105389,56933;14,56348
E4_Bvp;1652105389,58495;16,03647
E4_Bvp;1652105389,60058;17,0278
E4_Bvp;1652105389,6162;17,46402
E4_Bvp;1652105389,63183;17,31
E4_Bvp;1652105389,64745;16,61404
E4_Bvp;1652105389,66308;15,45039
E4_Bvp;1652105389,67871;13,95535
E4_Bvp;1652105389,69433;12,28841
E4_Bvp;1652105389,70996;10,59207
E4_Bvp;1652105389,72558;8,991867
E4_Bvp;1652105389,74121;7,534714
E4_Bvp;1652105389,75683;6,240234
E4_Bvp;1652105389,77246;5,080704
E4_Bvp;1652105389,78809;4,049942
E4_Bvp;1652105389,80371;3,096146
E4_Bvp;1652105389,81934;2,143738
E4_Bvp;1652105389,83496;1,090576
E4_Bvp;1652105389,85059;-0,1554871
E4_Bvp;1652105389,86621;-1,604721
E4_Bvp;1652105389,88184;-3,163193
E4_Gsr;1652105388,408;0,05126251
E4_Gsr;1652105388,658;0,05126251
E4_Gsr;1652105388,908;0,05254406
E4_Gsr;1652105389,158;0,05126251
E4_Gsr;1652105389,408;0,05254406
E4_Gsr;1652105389,658;0,05254406
E4_Bvp;1652105389,89747;-4,659592
E4_Bvp;1652105389,91309;-5,967072
E4_Bvp;1652105389,92872;-7,022339
E4_Bvp;1652105389,94434;-7,909012
E4_Bvp;1652105389,95997;-8,777649
E4_Bvp;1652105389,97559;-9,782486
E4_Bvp;1652105389,99122;-11,07971
E4_Bvp;1652105390,00685;-12,7648
E4_Bvp;1652105390,02247;-14,9402
E4_Bvp;1652105390,0381;-17,64299
E4_Bvp;1652105390,05372;-20,77452
E4_Bvp;1652105390,06935;-23,97739
E4_Bvp;1652105390,08497;-26,62201
E4_Bvp;1652105390,1006;-27,91611
E4_Bvp;1652105390,11623;-27,17465
E4_Bvp;1652105390,13185;-24,10516
E4_Bvp;1652105390,14748;-18,90494
E4_Bvp;1652105390,1631;-12,30086
E4_Bvp;1652105390,17873;-5,258408
E4_Bvp;1652105390,19435;1,293579
E4_Bvp;1652105390,20998;6,71524
E4_Bvp;1652105390,22561;10,7695
E4_Bvp;1652105390,24123;13,56215
E4_Bvp;1652105390,25686;15,38142
E4_Bvp;1652105390,27248;16,48184
E4_Bvp;1652105390,28811;17,04134
E4_Bvp;1652105390,30373;17,09668
E4_Bvp;1652105390,31936;16,68796
E4_Bvp;1652105390,33499;15,92993
E4_Bvp;1652105390,35061;15,07341
E4_Bvp;1652105390,36624;14,45239
E4_Bvp;1652105390,38186;14,34526
E4_Bvp;1652105390,39749;14,85057
E4_Bvp;1652105390,41311;15,83076
E4_Bvp;1652105390,42874;17,03572
E4_Bvp;1652105390,44437;18,18861
E4_Bvp;1652105390,45999;19,13321
E4_Bvp;1652105390,47562;19,88028
E4_Bvp;1652105390,49124;20,48157
E4_Bvp;1652105390,50687;20,93015
E4_Bvp;1652105390,52249;21,13055
E4_Bvp;1652105390,53812;20,88931
E4_Bvp;1652105390,55375;20,06036
E4_Bvp;1652105390,56937;18,64105
E4_Bvp;1652105390,585;16,80026
E4_Bvp;1652105390,60062;14,83514
E4_Bvp;1652105390,61625;13,0592
E4_Bvp;1652105390,63187;11,65613
E4_Bvp;1652105390,6475;10,65088
E4_Bvp;1652105390,66313;9,919617
E4_Bvp;1652105390,67875;9,272797
E4_Bvp;1652105390,69438;8,557831
E4_Bvp;1652105390,71;7,690643
E4_Bvp;1652105390,72563;6,665283
E4_Bvp;1652105390,74125;5,517487
E4_Bvp;1652105390,75688;4,293182
E4_Bvp;1652105390,77251;3,032837
E4_Bvp;1652105390,78813;1,768799
E4_Bvp;1652105390,80376;0,5596313
E4_Bvp;1652105390,81938;-0,5646515
E4_Bvp;1652105390,83501;-1,643295
E4_Bvp;1652105390,85063;-2,787918
E4_Bvp;1652105390,86626;-4,15097
E4_Bvp;1652105390,88189;-5,832809
E4_Bvp;1652105390,89751;-7,798325
E4_Bvp;1652105390,91314;-9,902008
E4_Bvp;1652105390,92876;-11,94769
E4_Bvp;1652105390,94439;-13,82877
E4_Bvp;1652105390,96001;-15,64229
E4_Bvp;1652105390,97564;-17,60159
E4_Bvp;1652105390,99127;-19,92604
E4_Bvp;1652105391,00689;-22,59599
E4_Bvp;1652105391,02252;-25,22855
E4_Bvp;1652105391,03814;-27,13376
E4_Bvp;1652105391,05377;-27,58286
E4_Bvp;1652105391,0694;-26,03854
E4_Bvp;1652105391,08502;-22,39584
E4_Bvp;1652105391,10065;-17,01479
E4_Bvp;1652105391,11627;-10,60324
E4_Bvp;1652105391,1319;-3,995346
E4_Bvp;1652105391,14752;2,064926
E4_Bvp;1652105391,16315;7,076309
E4_Bvp;1652105391,17878;10,77644
E4_Bvp;1652105391,1944;13,13385
E4_Bvp;1652105391,21003;14,25789
E4_Bvp;1652105391,22565;14,35167
E4_Bvp;1652105391,24128;13,66545
E4_Bvp;1652105391,2569;12,48755
E4_Bvp;1652105391,27253;11,12219
E4_Bvp;1652105391,28816;9,867447
E4_Bvp;1652105391,30378;8,997528
E4_Bvp;1652105391,31941;8,694214
E4_Bvp;1652105391,33503;9,060181
E4_Bvp;1652105391,35066;10,04456
E4_Bvp;1652105391,36628;11,48448
E4_Bvp;1652105391,38191;13,13121
E4_Bvp;1652105391,39754;14,72295
E4_Bvp;1652105391,41316;16,02682
E4_Bvp;1652105391,42879;16,9039
E4_Gsr;1652105389,908;0,04869938
E4_Gsr;1652105390,158;0,04869938
E4_Gsr;1652105390,408;0,04869938
E4_Gsr;1652105390,658;0,04869938
E4_Gsr;1652105390,908;0,04869938
E4_Gsr;1652105391,158;0,05254406
E4_Bvp;1652105391,44441;17,31567
E4_Bvp;1652105391,46004;17,2708
E4_Bvp;1652105391,47566;16,84633
E4_Bvp;1652105391,49129;16,09451
E4_Bvp;1652105391,50692;15,0441
E4_Bvp;1652105391,52254;13,70787
E4_Bvp;1652105391,53817;12,13982
E4_Bvp;1652105391,55379;10,45227
E4_Bvp;1652105391,56942;8,838226
E4_Bvp;1652105391,58504;7,49321
E4_Bvp;1652105391,60067;6,556488
E4_Bvp;1652105391,6163;6,037384
E4_Bvp;1652105391,63192;5,787491
E4_Bvp;1652105391,64755;5,579147
E4_Bvp;1652105391,66317;5,189774
E4_Bvp;1652105391,6788;4,464935
E4_Bvp;1652105391,69442;3,398758
E4_Bvp;1652105391,71005;2,086838
E4_Bvp;1652105391,72568;0,6860657
E4_Bvp;1652105391,7413;-0,6488037
E4_Bvp;1652105391,75693;-1,808487
E4_Bvp;1652105391,77255;-2,75679
E4_Bvp;1652105391,78818;-3,510605
E4_Bvp;1652105391,8038;-4,135773
E4_Bvp;1652105391,81943;-4,763458
E4_Bvp;1652105391,83506;-5,489807
E4_Bvp;1652105391,85068;-6,381607
E4_Bvp;1652105391,86631;-7,430588
E4_Bvp;1652105391,88193;-8,55484
E4_Bvp;1652105391,89756;-9,65271
E4_Bvp;1652105391,91318;-10,66237
E4_Bvp;1652105391,92881;-11,55559
E4_Bvp;1652105391,94444;-12,37361
E4_Bvp;1652105391,96006;-13,20007
E4_Bvp;1652105391,97569;-14,11977
E4_Bvp;1652105391,99131;-15,20235
E4_Bvp;1652105392,00694;-16,50824
E4_Bvp;1652105392,02256;-18,02531
E4_Bvp;1652105392,03819;-19,60439
E4_Bvp;1652105392,05382;-20,92307
E4_Bvp;1652105392,06944;-21,49556
E4_Bvp;1652105392,08507;-20,79488
E4_Bvp;1652105392,10069;-18,4752
E4_Bvp;1652105392,11632;-14,52492
E4_Bvp;1652105392,13194;-9,363831
E4_Bvp;1652105392,14757;-3,734741
E4_Bvp;1652105392,1632;1,554337
E4_Bvp;1652105392,17882;5,827911
E4_Bvp;1652105392,19445;8,722107
E4_Bvp;1652105392,21007;10,22069
E4_Bvp;1652105392,2257;10,53542
E4_Bvp;1652105392,24132;9,965027
E4_Bvp;1652105392,25695;8,80838
E4_Bvp;1652105392,27258;7,358231
E4_Bvp;1652105392,2882;5,884354
E4_Bvp;1652105392,30383;4,716721
E4_Bvp;1652105392,31945;4,115738
E4_Bvp;1652105392,33508;4,199249
E4_Bvp;1652105392,3507;4,926758
E4_Bvp;1652105392,36633;6,077087
E4_Bvp;1652105392,38196;7,378983
E4_Bvp;1652105392,39758;8,562805
E4_Bvp;1652105392,41321;9,480927
E4_Bvp;1652105392,42883;10,09344
E4_Bvp;1652105392,44446;10,43388
E4_Bvp;1652105392,46008;10,56265
E4_Bvp;1652105392,47571;10,52353
E4_Bvp;1652105392,49134;10,33485
E4_Bvp;1652105392,50696;9,983124
E4_Bvp;1652105392,52259;9,453079
E4_Bvp;1652105392,53821;8,742325
E4_Bvp;1652105392,55384;7,838837
E4_Bvp;1652105392,56946;6,743713
E4_Bvp;1652105392,58509;5,509201
E4_Bvp;1652105392,60072;4,218948
E4_Bvp;1652105392,61634;3,005875
E4_Bvp;1652105392,63197;1,97261
E4_Bvp;1652105392,64759;1,165237
E4_Bvp;1652105392,66322;0,6173096
E4_Bvp;1652105392,67884;0,3552551
E4_Bvp;1652105392,69447;0,3664856
E4_Bvp;1652105392,7101;0,6138763
E4_Bvp;1652105392,72572;1,019547
E4_Bvp;1652105392,74135;1,452927
E4_Bvp;1652105392,75697;1,746674
E4_Bvp;1652105392,7726;1,804718
E4_Bvp;1652105392,78822;1,597107
E4_Bvp;1652105392,80385;1,199295
E4_Gsr;1652105391,408;0,05126251
E4_Gsr;1652105391,658;0,04998094
E4_Gsr;1652105391,908;0,05126251
E4_Gsr;1652105392,158;0,04869938
E4_Gsr;1652105392,408;0,05254406
E4_Gsr;1652105392,658;0,05126251
E4_Bvp;1652105392,81948;0,7402496
E4_Bvp;1652105392,8351;0,277359
E4_Bvp;1652105392,85073;-0,216095
E4_Bvp;1652105392,86635;-0,8522491
E4_Bvp;1652105392,88198;-1,740677
E4_Bvp;1652105392,8976;-2,903305
E4_Bvp;1652105392,91323;-4,227753
E4_Bvp;1652105392,92886;-5,505096
E4_Bvp;1652105392,94448;-6,542557
E4_Bvp;1652105392,96011;-7,262268
E4_Bvp;1652105392,97573;-7,751801
E4_Bvp;1652105392,99136;-8,199509
E4_Bvp;1652105393,00698;-8,838562
E4_Bvp;1652105393,02261;-9,854843
E4_Bvp;1652105393,03824;-11,31987
E4_Bvp;1652105393,05386;-13,1774
E4_Bvp;1652105393,06949;-15,20016
E4_Bvp;1652105393,08511;-17,05002
E4_Bvp;1652105393,10074;-18,28014
E4_Bvp;1652105393,11636;-18,47101
E4_Bvp;1652105393,13199;-17,29292
E4_Bvp;1652105393,14762;-14,67583
ManipulatedHR;1652105387,55901;94.69588
E4_Bvp;1652105393,16324;-10,86662
E4_Bvp;1652105393,17887;-6,377533
E4_Bvp;1652105393,19449;-1,861435
E4_Bvp;1652105393,21012;2,045929
E4_Bvp;1652105393,22574;4,916473
E4_Hr;1652105387,55901;59,07419
E4_Ibi;1652105387,55901;1,015672
E4_Bvp;1652105393,24137;6,633209
E4_Bvp;1652105393,257;7,283142
E4_Bvp;1652105393,27262;7,093552
E4_Bvp;1652105393,28825;6,327896
E4_Bvp;1652105393,30387;5,202148
E4_Bvp;1652105393,3195;3,929413
E4_Bvp;1652105393,33512;2,7146
E4_Bvp;1652105393,35075;1,769196
E4_Bvp;1652105393,36638;1,231903
E4_Bvp;1652105393,382;1,226624
E4_Bvp;1652105393,39763;1,749161
E4_Bvp;1652105393,41325;2,748505
E4_Bvp;1652105393,42888;4,091797
E4_Bvp;1652105393,4445;5,620773
E4_Bvp;1652105393,46013;7,160049
E4_Bvp;1652105393,47576;8,506378
E4_Bvp;1652105393,49138;9,49762
E4_Bvp;1652105393,50701;10,01299
E4_Bvp;1652105393,52263;10,04895
E4_Bvp;1652105393,53826;9,674896
E4_Bvp;1652105393,55388;9,018616
E4_Bvp;1652105393,56951;8,218781
E4_Bvp;1652105393,58514;7,338043
E4_Bvp;1652105393,60076;6,416504
E4_Bvp;1652105393,61639;5,458862
E4_Bvp;1652105393,63201;4,513931
E4_Bvp;1652105393,64764;3,624893
E4_Bvp;1652105393,66326;2,865173
E4_Bvp;1652105393,67889;2,262177
E4_Bvp;1652105393,69452;1,799103
E4_Bvp;1652105393,71014;1,431198
E4_Bvp;1652105393,72577;1,060638
E4_Bvp;1652105393,74139;0,6128387
E4_Bvp;1652105393,75702;0,03512573
E4_Bvp;1652105393,77265;-0,641922
E4_Bvp;1652105393,78827;-1,360062
E4_Bvp;1652105393,8039;-2,031525
E4_Bvp;1652105393,81952;-2,617767
E4_Bvp;1652105393,83515;-3,16394
E4_Bvp;1652105393,85077;-3,762306
E4_Bvp;1652105393,8664;-4,524666
E4_Bvp;1652105393,88203;-5,493752
E4_Bvp;1652105393,89765;-6,631042
E4_Bvp;1652105393,91328;-7,813774
E4_Bvp;1652105393,9289;-8,902344
E4_Bvp;1652105393,94453;-9,810181
E4_Bvp;1652105393,96015;-10,54158
E4_Bvp;1652105393,97578;-11,17836
E4_Bvp;1652105393,99141;-11,8326
E4_Bvp;1652105394,00703;-12,56537
E4_Bvp;1652105394,02266;-13,3796
E4_Bvp;1652105394,03828;-14,2528
E4_Bvp;1652105394,05391;-15,11964
E4_Bvp;1652105394,06953;-15,90476
E4_Bvp;1652105394,08516;-16,4477
E4_Bvp;1652105394,10079;-16,5079
E4_Bvp;1652105394,11641;-15,77669
E4_Bvp;1652105394,13204;-13,98167
E4_Bvp;1652105394,14766;-11,03064
E4_Bvp;1652105394,16329;-7,121819
E4_Bvp;1652105394,17891;-2,727501
ManipulatedHR;1652105388,60593;88.58863
E4_Bvp;1652105394,19454;1,486893
E4_Bvp;1652105394,21017;4,92408
E4_Hr;1652105388,60593;57,31077
E4_Ibi;1652105388,60593;1,046924
E4_Bvp;1652105394,22579;7,232666
E4_Bvp;1652105394,24142;8,369545
E4_Bvp;1652105394,25704;8,55793
E4_Bvp;1652105394,27267;8,134155
E4_Bvp;1652105394,28829;7,390892
E4_Bvp;1652105394,30392;6,509132
E4_Bvp;1652105394,31955;5,567345
E4_Bvp;1652105394,33517;4,606956
E4_Bvp;1652105394,3508;3,692795
E4_Gsr;1652105392,908;0,04869938
E4_Gsr;1652105393,158;0,04741782
E4_Gsr;1652105393,408;0,05254406
E4_Gsr;1652105393,658;0,04869938
E4_Gsr;1652105393,908;0,04998094
E4_Gsr;1652105394,158;0,05126251
E4_Bvp;1652105394,36642;2,923592
E4_Bvp;1652105394,38205;2,410156
E4_Bvp;1652105394,39767;2,218643
E4_Bvp;1652105394,4133;2,362923
E4_Bvp;1652105394,42893;2,801048
E4_Bvp;1652105394,44455;3,486725
E4_Bvp;1652105394,46018;4,332108
E4_Bvp;1652105394,4758;5,245422
E4_Bvp;1652105394,49143;6,100616
E4_Bvp;1652105394,50705;6,78054
E4_Bvp;1652105394,52268;7,198608
E4_Bvp;1652105394,53831;7,3246
E4_Bvp;1652105394,55393;7,193016
E4_Bvp;1652105394,56956;6,838394
E4_Bvp;1652105394,58518;6,350662
E4_Bvp;1652105394,60081;5,752998
E4_Bvp;1652105394,61643;5,07029
E4_Bvp;1652105394,63206;4,325706
E4_Bvp;1652105394,64769;3,550941
E4_Bvp;1652105394,66331;2,805283
E4_Bvp;1652105394,67894;2,134132
E4_Bvp;1652105394,69456;1,5737
E4_Bvp;1652105394,71019;1,103958
E4_Bvp;1652105394,72581;0,7355957
E4_Bvp;1652105394,74144;0,4283295
E4_Bvp;1652105394,75707;0,1573105
E4_Bvp;1652105394,77269;-0,09461975
E4_Bvp;1652105394,78832;-0,3354111
E4_Bvp;1652105394,80394;-0,5716095
E4_Bvp;1652105394,81957;-0,8005905
E4_Bvp;1652105394,83519;-1,038727
E4_Bvp;1652105394,85082;-1,322266
E4_Bvp;1652105394,86645;-1,693558
E4_Bvp;1652105394,88207;-2,228165
E4_Bvp;1652105394,8977;-2,997696
E4_Bvp;1652105394,91332;-4,020515
E4_Bvp;1652105394,92895;-5,285553
E4_Bvp;1652105394,94457;-6,710503
E4_Bvp;1652105394,9602;-8,172203
E4_Bvp;1652105394,97583;-9,528679
E4_Bvp;1652105394,99145;-10,63587
E4_Bvp;1652105395,00708;-11,4019
E4_Bvp;1652105395,0227;-11,84205
E4_Bvp;1652105395,03833;-12,08909
E4_Bvp;1652105395,05395;-12,35069
E4_Bvp;1652105395,06958;-12,9018
E4_Bvp;1652105395,08521;-13,93275
E4_Bvp;1652105395,10083;-15,48654
E4_Bvp;1652105395,11646;-17,37718
E4_Bvp;1652105395,13208;-19,18543
E4_Bvp;1652105395,14771;-20,39364
E4_Bvp;1652105395,16333;-20,54151
E4_Bvp;1652105395,17896;-19,38053
E4_Bvp;1652105395,19459;-16,93488
E4_Bvp;1652105395,21021;-13,49093
ManipulatedHR;1652105389,59035;95.56264
E4_Bvp;1652105395,22584;-9,451569
E4_Bvp;1652105395,24146;-5,26123
E4_Bvp;1652105395,25709;-1,312294
E4_Bvp;1652105395,27271;2,097275
E4_Bvp;1652105395,28834;4,765182
E4_Hr;1652105389,59035;60,94956
E4_Ibi;1652105389,59035;0,9844205
E4_Bvp;1652105395,30397;6,557442
E4_Bvp;1652105395,31959;7,461212
E4_Bvp;1652105395,33522;7,545906
E4_Bvp;1652105395,35084;6,980392
E4_Bvp;1652105395,36647;5,993729
E4_Bvp;1652105395,38209;4,816765
E4_Bvp;1652105395,39772;3,660797
E4_Bvp;1652105395,41335;2,705246
E4_Bvp;1652105395,42897;2,08802
E4_Bvp;1652105395,4446;1,912941
E4_Bvp;1652105395,46022;2,188789
E4_Bvp;1652105395,47585;2,847542
E4_Bvp;1652105395,49147;3,747253
E4_Bvp;1652105395,5071;4,749001
E4_Bvp;1652105395,52273;5,768234
E4_Bvp;1652105395,53835;6,793304
E4_Bvp;1652105395,55398;7,785759
E4_Bvp;1652105395,5696;8,648956
E4_Bvp;1652105395,58523;9,226791
E4_Bvp;1652105395,60085;9,356636
E4_Bvp;1652105395,61648;9,004158
E4_Bvp;1652105395,63211;8,299103
E4_Bvp;1652105395,64773;7,510025
E4_Bvp;1652105395,66336;6,878334
E4_Bvp;1652105395,67898;6,494797
E4_Bvp;1652105395,69461;6,244247
E4_Bvp;1652105395,71023;5,88047
E4_Bvp;1652105395,72586;5,208412
E4_Bvp;1652105395,74149;4,230736
E4_Bvp;1652105395,75711;3,13987
E4_Bvp;1652105395,77274;2,225357
E4_Bvp;1652105395,78836;1,695885
E4_Bvp;1652105395,80399;1,560783
E4_Bvp;1652105395,81961;1,647293
E4_Bvp;1652105395,83524;1,704353
E4_Bvp;1652105395,85087;1,516228
E4_Bvp;1652105395,86649;0,9981995
E4_Bvp;1652105395,88212;0,2043228
E4_Bvp;1652105395,89774;-0,7556381
E4_Gsr;1652105394,408;0,04998094
E4_Gsr;1652105394,658;0,05126251
E4_Gsr;1652105394,908;0,05254406
E4_Gsr;1652105395,158;0,05254406
E4_Gsr;1652105395,408;0,05126251
E4_Gsr;1652105395,658;0,04741782
E4_Bvp;1652105395,91337;-1,772781
E4_Bvp;1652105395,929;-2,75383
E4_Bvp;1652105395,94462;-3,658295
E4_Bvp;1652105395,96025;-4,45459
E4_Bvp;1652105395,97587;-5,154015
E4_Bvp;1652105395,9915;-5,787888
E4_Bvp;1652105396,00712;-6,437233
E4_Bvp;1652105396,02275;-7,208565
E4_Bvp;1652105396,03838;-8,196182
E4_Bvp;1652105396,054;-9,403648
E4_Bvp;1652105396,06963;-10,73923
E4_Bvp;1652105396,08525;-12,00874
E4_Bvp;1652105396,10088;-13,00513
E4_Bvp;1652105396,1165;-13,62986
E4_Bvp;1652105396,13213;-13,94034
E4_Bvp;1652105396,14776;-14,19793
E4_Bvp;1652105396,16338;-14,71995
E4_Bvp;1652105396,17901;-15,78794
E4_Bvp;1652105396,19463;-17,43475
E4_Bvp;1652105396,21026;-19,42675
E4_Bvp;1652105396,22588;-21,26958
E4_Bvp;1652105396,24151;-22,392
ManipulatedHR;1652105390,66853;118.9934
E4_Bvp;1652105396,25714;-22,32314
E4_Bvp;1652105396,27276;-20,80875
E4_Bvp;1652105396,28839;-17,89207
E4_Bvp;1652105396,30401;-13,87128
E4_Bvp;1652105396,31964;-9,247086
E4_Bvp;1652105396,33526;-4,569366
E4_Bvp;1652105396,35089;-0,3957748
E4_Bvp;1652105396,36652;2,87928
E4_Bvp;1652105396,38214;5,075127
E4_Hr;1652105390,66853;55,6496
E4_Ibi;1652105390,66853;1,078175
E4_Bvp;1652105396,39777;6,237312
E4_Bvp;1652105396,41339;6,560745
E4_Bvp;1652105396,42902;6,306519
E4_Bvp;1652105396,44464;5,698601
E4_Bvp;1652105396,46027;4,893997
E4_Bvp;1652105396,4759;4,036255
E4_Bvp;1652105396,49152;3,278717
E4_Bvp;1652105396,50715;2,792603
E4_Bvp;1652105396,52277;2,726013
E4_Bvp;1652105396,5384;3,132362
E4_Bvp;1652105396,55402;3,925461
E4_Bvp;1652105396,56965;4,937759
E4_Bvp;1652105396,58528;5,982552
E4_Bvp;1652105396,6009;6,951042
E4_Bvp;1652105396,61653;7,820213
E4_Bvp;1652105396,63215;8,613266
E4_Bvp;1652105396,64778;9,348335
E4_Bvp;1652105396,6634;9,988091
E4_Bvp;1652105396,67903;10,40157
E4_Bvp;1652105396,69466;10,49047
E4_Bvp;1652105396,71028;10,1414
E4_Bvp;1652105396,72591;9,331932
E4_Bvp;1652105396,74153;8,173546
E4_Bvp;1652105396,75716;6,843422
E4_Bvp;1652105396,77278;5,565704
E4_Bvp;1652105396,78841;4,514282
E4_Bvp;1652105396,80404;3,776176
E4_Bvp;1652105396,81966;3,277214
E4_Bvp;1652105396,83529;2,926773
E4_Bvp;1652105396,85091;2,636238
E4_Bvp;1652105396,86654;2,345886
E4_Bvp;1652105396,88216;2,130585
E4_Bvp;1652105396,89779;2,02433
E4_Bvp;1652105396,91342;2,034607
E4_Bvp;1652105396,92904;2,065826
E4_Bvp;1652105396,94467;1,990082
E4_Bvp;1652105396,96029;1,677963
E4_Bvp;1652105396,97592;1,114426
E4_Bvp;1652105396,99154;0,348877
E4_Bvp;1652105397,00717;-0,507843
E4_Bvp;1652105397,0228;-1,338531
E4_Bvp;1652105397,03842;-2,096069
E4_Bvp;1652105397,05405;-2,797318
E4_Bvp;1652105397,06967;-3,519943
E4_Bvp;1652105397,0853;-4,339462
E4_Bvp;1652105397,10092;-5,292252
E4_Bvp;1652105397,11655;-6,325546
E4_Bvp;1652105397,13218;-7,384872
E4_Bvp;1652105397,1478;-8,400986
E4_Bvp;1652105397,16343;-9,33876
E4_Bvp;1652105397,17905;-10,233
E4_Bvp;1652105397,19468;-11,12888
E4_Bvp;1652105397,2103;-12,12547
E4_Bvp;1652105397,22593;-13,32065
E4_Bvp;1652105397,24156;-14,78975
E4_Bvp;1652105397,25718;-16,56592
E4_Bvp;1652105397,27281;-18,57574
E4_Gsr;1652105395,908;0,04869938
E4_Gsr;1652105396,158;0,04869938
E4_Gsr;1652105396,408;0,04869938
E4_Gsr;1652105396,658;0,04998094
E4_Gsr;1652105396,908;0,04869938
E4_Gsr;1652105397,158;0,05126251
E4_Bvp;1652105397,28843;-20,61298
E4_Bvp;1652105397,30406;-22,27373
E4_Bvp;1652105397,31968;-23,09076
E4_Bvp;1652105397,33531;-22,63722
E4_Bvp;1652105397,35094;-20,68851
E4_Bvp;1652105397,36656;-17,33046
E4_Bvp;1652105397,38219;-12,93039
E4_Bvp;1652105397,39781;-8,039825
E4_Bvp;1652105397,41344;-3,191589
E4_Bvp;1652105397,42906;1,177887
E4_Bvp;1652105397,44469;4,816376
ManipulatedHR;1652105391,76233;64.05832
E4_Bvp;1652105397,46032;7,610489
E4_Hr;1652105391,76233;54,8546
E4_Ibi;1652105391,76233;1,093801
E4_Bvp;1652105397,47594;9,539932
E4_Bvp;1652105397,49157;10,60927
E4_Bvp;1652105397,50719;10,87309
E4_Bvp;1652105397,52282;10,45729
E4_Bvp;1652105397,53844;9,57428
E4_Bvp;1652105397,55407;8,526642
E4_Bvp;1652105397,5697;7,616867
E4_Bvp;1652105397,58532;7,060349
E4_Bvp;1652105397,60095;6,959946
E4_Bvp;1652105397,61657;7,332947
E4_Bvp;1652105397,6322;8,086884
E4_Bvp;1652105397,64782;9,109711
E4_Bvp;1652105397,66345;10,28105
E4_Bvp;1652105397,67908;11,45599
E4_Bvp;1652105397,6947;12,50818
E4_Bvp;1652105397,71033;13,34441
E4_Bvp;1652105397,72595;13,89897
E4_Bvp;1652105397,74158;14,20654
E4_Bvp;1652105397,7572;14,33904
E4_Bvp;1652105397,77283;14,33551
E4_Bvp;1652105397,78846;14,13857
E4_Bvp;1652105397,80408;13,63095
E4_Bvp;1652105397,81971;12,69194
E4_Bvp;1652105397,83533;11,3389
E4_Bvp;1652105397,85096;9,741394
E4_Bvp;1652105397,86658;8,193375
E4_Bvp;1652105397,88221;6,982773
E4_Bvp;1652105397,89784;6,274597
E4_Bvp;1652105397,91346;6,035599
E4_Bvp;1652105397,92909;6,095871
E4_Bvp;1652105397,94471;6,235611
E4_Bvp;1652105397,96034;6,308228
E4_Bvp;1652105397,97596;6,259598
E4_Bvp;1652105397,99159;6,101822
E4_Bvp;1652105398,00722;5,82579
E4_Bvp;1652105398,02284;5,393356
E4_Bvp;1652105398,03847;4,776306
E4_Bvp;1652105398,05409;3,917206
E4_Bvp;1652105398,06972;2,850677
E4_Bvp;1652105398,08534;1,61734
E4_Bvp;1652105398,10097;0,2962799
E4_Bvp;1652105398,1166;-1,061935
E4_Bvp;1652105398,13222;-2,446808
E4_Bvp;1652105398,14785;-3,883255
E4_Bvp;1652105398,16347;-5,393417
E4_Bvp;1652105398,1791;-6,933228
E4_Bvp;1652105398,19473;-8,480087
E4_Bvp;1652105398,21035;-9,953552
E4_Bvp;1652105398,22598;-11,32353
E4_Bvp;1652105398,2416;-12,59264
E4_Bvp;1652105398,25723;-13,8053
E4_Bvp;1652105398,27285;-15,04179
E4_Bvp;1652105398,28848;-16,42528
E4_Bvp;1652105398,30411;-18,08257
E4_Bvp;1652105398,31973;-20,09349
E4_Bvp;1652105398,33536;-22,42976
E4_Bvp;1652105398,35098;-24,82047
E4_Bvp;1652105398,36661;-26,78363
E4_Bvp;1652105398,38223;-27,66849
E4_Bvp;1652105398,39786;-26,87906
E4_Bvp;1652105398,41349;-24,10249
E4_Bvp;1652105398,42911;-19,4194
E4_Bvp;1652105398,44474;-13,33438
E4_Bvp;1652105398,46036;-6,647522
E4_Bvp;1652105398,47599;-0,2014465
ManipulatedHR;1652105392,8405;111.4366
E4_Bvp;1652105398,49161;5,321304
E4_Bvp;1652105398,50724;9,523544
E4_Hr;1652105392,8405;55,6496
E4_Ibi;1652105392,8405;1,078175
E4_Bvp;1652105398,52287;12,27794
E4_Bvp;1652105398,53849;13,71227
E4_Bvp;1652105398,55412;14,04515
E4_Bvp;1652105398,56974;13,59248
E4_Bvp;1652105398,58537;12,63747
E4_Bvp;1652105398,60099;11,46399
E4_Bvp;1652105398,61662;10,32965
E4_Bvp;1652105398,63225;9,447784
E4_Bvp;1652105398,64787;8,986542
E4_Bvp;1652105398,6635;9,023834
E4_Bvp;1652105398,67912;9,582275
E4_Bvp;1652105398,69475;10,58525
E4_Bvp;1652105398,71037;11,90762
E4_Bvp;1652105398,726;13,36009
E4_Bvp;1652105398,74163;14,74782
E4_Bvp;1652105398,75725;15,93149
E4_Bvp;1652105398,77288;16,78519
E4_Bvp;1652105398,7885;17,28682
E4_Bvp;1652105398,80413;17,4304
E4_Bvp;1652105398,81975;17,24794
E4_Gsr;1652105397,408;0,05126251
E4_Gsr;1652105397,658;0,05254406
E4_Gsr;1652105397,908;0,05254406
E4_Gsr;1652105398,158;0,04998094
E4_Gsr;1652105398,408;0,05382563
E4_Gsr;1652105398,658;0,05254406
E4_Bvp;1652105398,83538;16,74617
E4_Bvp;1652105398,85101;15,9511
E4_Bvp;1652105398,86663;14,87338
E4_Bvp;1652105398,88226;13,56514
E4_Bvp;1652105398,89788;12,12553
E4_Bvp;1652105398,91351;10,65677
E4_Bvp;1652105398,92913;9,280762
E4_Bvp;1652105398,94476;8,089142
E4_Bvp;1652105398,96039;7,146408
E4_Bvp;1652105398,97601;6,480545
E4_Bvp;1652105398,99164;6,099136
E4_Bvp;1652105399,00726;5,960724
E4_Bvp;1652105399,02289;5,958481
E4_Bvp;1652105399,03851;5,961075
E4_Bvp;1652105399,05414;5,816849
E4_Bvp;1652105399,06977;5,452271
E4_Bvp;1652105399,08539;4,888214
E4_Bvp;1652105399,10102;4,218796
E4_Bvp;1652105399,11664;3,550705
E4_Bvp;1652105399,13227;2,927689
E4_Bvp;1652105399,14789;2,258896
E4_Bvp;1652105399,16352;1,365479
E4_Bvp;1652105399,17915;0,1001434
E4_Bvp;1652105399,19477;-1,604919
E4_Bvp;1652105399,2104;-3,638153
E4_Bvp;1652105399,22602;-5,778961
E4_Bvp;1652105399,24165;-7,803314
E4_Bvp;1652105399,25727;-9,554306
E4_Bvp;1652105399,2729;-11,03409
E4_Bvp;1652105399,28853;-12,35878
E4_Bvp;1652105399,30415;-13,68188
E4_Bvp;1652105399,31978;-15,1196
E4_Bvp;1652105399,3354;-16,75768
E4_Bvp;1652105399,35103;-18,60788
E4_Bvp;1652105399,36665;-20,67343
E4_Bvp;1652105399,38228;-22,87932
E4_Bvp;1652105399,39791;-25,04874
E4_Bvp;1652105399,41353;-26,84076
E4_Bvp;1652105399,42916;-27,78345
E4_Bvp;1652105399,44478;-27,35315
E4_Bvp;1652105399,46041;-25,16713
E4_Bvp;1652105399,47603;-21,1696
E4_Bvp;1652105399,49166;-15,65738
E4_Bvp;1652105399,50729;-9,226822
ManipulatedHR;1652105393,88743;115.0189
E4_Bvp;1652105399,52291;-2,654816
E4_Bvp;1652105399,53854;3,337906
E4_Bvp;1652105399,55416;8,215576
E4_Hr;1652105393,88743;57,31078
E4_Ibi;1652105393,88743;1,046923
E4_Bvp;1652105399,56979;11,70059
E4_Bvp;1652105399,58541;13,74921
E4_Bvp;1652105399,60104;14,534
E4_Bvp;1652105399,61667;14,32684
E4_Bvp;1652105399,63229;13,51627
E4_Bvp;1652105399,64792;12,49844
E4_Bvp;1652105399,66354;11,61536
E4_Bvp;1652105399,67917;11,08969
E4_Bvp;1652105399,69479;11,00449
E4_Bvp;1652105399,71042;11,34521
E4_Bvp;1652105399,72605;12,03937
E4_Bvp;1652105399,74167;13,03662
E4_Bvp;1652105399,7573;14,26395
E4_Bvp;1652105399,77292;15,62354
E4_Bvp;1652105399,78855;16,97351
E4_Bvp;1652105399,80417;18,14105
E4_Bvp;1652105399,8198;18,99362
E4_Bvp;1652105399,83543;19,45245
E4_Bvp;1652105399,85105;19,53378
E4_Bvp;1652105399,86668;19,28348
E4_Bvp;1652105399,8823;18,75266
E4_Bvp;1652105399,89793;17,96439
E4_Bvp;1652105399,91355;16,94562
E4_Bvp;1652105399,92918;15,7655
E4_Bvp;1652105399,94481;14,50125
E4_Bvp;1652105399,96043;13,25009
E4_Bvp;1652105399,97606;12,06265
E4_Bvp;1652105399,99168;10,93948
E4_Bvp;1652105400,00731;9,826324
E4_Bvp;1652105400,02293;8,694214
E4_Bvp;1652105400,03856;7,53833
E4_Bvp;1652105400,05419;6,419403
E4_Bvp;1652105400,06981;5,437317
E4_Bvp;1652105400,08544;4,638733
E4_Bvp;1652105400,10106;4,034576
E4_Bvp;1652105400,11669;3,578888
E4_Bvp;1652105400,13231;3,208374
E4_Bvp;1652105400,14794;2,844727
E4_Bvp;1652105400,16357;2,395172
E4_Bvp;1652105400,17919;1,780212
E4_Bvp;1652105400,19482;0,892334
E4_Bvp;1652105400,21044;-0,3197937
E4_Bvp;1652105400,22607;-1,883514
E4_Bvp;1652105400,24169;-3,716949
E4_Bvp;1652105400,25732;-5,660767
E4_Bvp;1652105400,27295;-7,532928
E4_Bvp;1652105400,28857;-9,214203
E4_Bvp;1652105400,3042;-10,65533
E4_Bvp;1652105400,31982;-11,90088
E4_Bvp;1652105400,33545;-13,06773
E4_Bvp;1652105400,35107;-14,23814
E4_Bvp;1652105400,3667;-15,47037
E4_Gsr;1652105398,908;0,04998094
E4_Gsr;1652105399,158;0,04998094
E4_Gsr;1652105399,408;0,04998094
E4_Gsr;1652105399,658;0,04869938
E4_Gsr;1652105399,908;0,04998094
E4_Gsr;1652105400,158;0,04998094
E4_Bvp;1652105400,38233;-16,77165
E4_Bvp;1652105400,39795;-18,13121
E4_Bvp;1652105400,41358;-19,56769
E4_Bvp;1652105400,4292;-21,13283
E4_Bvp;1652105400,44483;-22,85573
E4_Bvp;1652105400,46045;-24,67819
E4_Bvp;1652105400,47608;-26,39215
E4_Bvp;1652105400,49171;-27,59047
E4_Bvp;1652105400,50733;-27,78044
E4_Bvp;1652105400,52296;-26,49648
E4_Bvp;1652105400,53858;-23,4928
ManipulatedHR;1652105394,93435;84.96658
E4_Bvp;1652105400,55421;-18,85175
E4_Bvp;1652105400,56983;-13,02521
E4_Bvp;1652105400,58546;-6,694397
E4_Bvp;1652105400,60109;-0,5944519
E4_Bvp;1652105400,61671;4,632477
E4_Bvp;1652105400,63234;8,575043
E4_Hr;1652105394,93435;57,31077
E4_Ibi;1652105394,93435;1,046924
E4_Bvp;1652105400,64796;11,10814
E4_Bvp;1652105400,66359;12,31627
E4_Bvp;1652105400,67921;12,44521
E4_Bvp;1652105400,69484;11,8029
E4_Bvp;1652105400,71047;10,72612
E4_Bvp;1652105400,72609;9,523743
E4_Bvp;1652105400,74172;8,477005
E4_Bvp;1652105400,75734;7,809662
E4_Bvp;1652105400,77297;7,662369
E4_Bvp;1652105400,7886;8,090088
E4_Bvp;1652105400,80422;9,068756
E4_Bvp;1652105400,81985;10,47668
E4_Bvp;1652105400,83547;12,1512
E4_Bvp;1652105400,8511;13,87724
E4_Bvp;1652105400,86672;15,48141
E4_Bvp;1652105400,88235;16,80247
E4_Bvp;1652105400,89798;17,73392
E4_Bvp;1652105400,9136;18,21739
E4_Bvp;1652105400,92923;18,20695
E4_Bvp;1652105400,94485;17,6768
E4_Bvp;1652105400,96048;16,64838
E4_Bvp;1652105400,9761;15,19572
E4_Bvp;1652105400,99173;13,47234
E4_Bvp;1652105401,00736;11,70151
E4_Bvp;1652105401,02298;10,06813
E4_Bvp;1652105401,03861;8,756058
E4_Bvp;1652105401,05423;7,810486
E4_Bvp;1652105401,06986;7,17244
E4_Bvp;1652105401,08548;6,698334
E4_Bvp;1652105401,10111;6,255188
E4_Bvp;1652105401,11674;5,779205
E4_Bvp;1652105401,13236;5,292587
E4_Bvp;1652105401,14799;4,874069
E4_Bvp;1652105401,16361;4,563797
E4_Bvp;1652105401,17924;4,360245
E4_Bvp;1652105401,19486;4,160416
E4_Bvp;1652105401,21049;3,815598
E4_Bvp;1652105401,22612;3,164063
E4_Bvp;1652105401,24174;2,131699
E4_Bvp;1652105401,25737;0,7880554
E4_Bvp;1652105401,27299;-0,6957855
E4_Bvp;1652105401,28862;-2,117874
E4_Bvp;1652105401,30424;-3,284195
E4_Bvp;1652105401,31987;-4,114792
E4_Bvp;1652105401,3355;-4,67511
E4_Bvp;1652105401,35112;-5,145035
E4_Bvp;1652105401,36675;-5,772476
E4_Bvp;1652105401,38237;-6,727768
E4_Bvp;1652105401,398;-8,059845
E4_Bvp;1652105401,41362;-9,648178
E4_Bvp;1652105401,42925;-11,29491
E4_Bvp;1652105401,44488;-12,80838
E4_Bvp;1652105401,4605;-14,09972
E4_Bvp;1652105401,47613;-15,25461
E4_Bvp;1652105401,49175;-16,44644
E4_Bvp;1652105401,50738;-17,86263
E4_Bvp;1652105401,523;-19,58553
E4_Bvp;1652105401,53863;-21,50143
E4_Bvp;1652105401,55426;-23,32339
E4_Bvp;1652105401,56988;-24,64423
ManipulatedHR;1652105396,01253;76.04002
E4_Bvp;1652105401,58551;-25,02277
E4_Bvp;1652105401,60113;-24,10023
E4_Bvp;1652105401,61676;-21,69112
E4_Bvp;1652105401,63238;-17,81027
E4_Bvp;1652105401,64801;-12,72079
E4_Bvp;1652105401,66364;-6,909164
E4_Bvp;1652105401,67926;-0,9865417
E4_Bvp;1652105401,69489;4,405685
E4_Bvp;1652105401,71051;8,725677
E4_Hr;1652105396,01253;55,6496
E4_Ibi;1652105396,01253;1,078175
E4_Bvp;1652105401,72614;11,65987
E4_Bvp;1652105401,74176;13,12811
E4_Bvp;1652105401,75739;13,29031
E4_Bvp;1652105401,77302;12,50893
E4_Bvp;1652105401,78864;11,20955
E4_Bvp;1652105401,80427;9,791107
E4_Bvp;1652105401,81989;8,554901
E4_Bvp;1652105401,83552;7,66655
E4_Bvp;1652105401,85114;7,201004
E4_Bvp;1652105401,86677;7,186218
E4_Bvp;1652105401,8824;7,635056
E4_Bvp;1652105401,89802;8,538818
E4_Bvp;1652105401,91365;9,88208
E4_Gsr;1652105400,408;0,04998094
E4_Gsr;1652105400,658;0,05254406
E4_Gsr;1652105400,908;0,05254406
E4_Gsr;1652105401,158;0,05126251
E4_Gsr;1652105401,408;0,05254406
E4_Gsr;1652105401,658;0,05382563
E4_Bvp;1652105401,92927;11,54774
E4_Bvp;1652105401,9449;13,33336
E4_Bvp;1652105401,96052;14,99509
E4_Bvp;1652105401,97615;16,27844
E4_Bvp;1652105401,99178;17,00587
E4_Bvp;1652105402,0074;17,11832
E4_Bvp;1652105402,02303;16,63371
E4_Bvp;1652105402,03865;15,64592
E4_Bvp;1652105402,05428;14,27496
E4_Bvp;1652105402,0699;12,62459
E4_Bvp;1652105402,08553;10,8051
E4_Bvp;1652105402,10116;8,936646
E4_Bvp;1652105402,11678;7,132919
E4_Bvp;1652105402,13241;5,516525
E4_Bvp;1652105402,14803;4,208679
E4_Bvp;1652105402,16366;3,282211
E4_Bvp;1652105402,17928;2,737045
E4_Bvp;1652105402,19491;2,543198
E4_Bvp;1652105402,21054;2,58194
E4_Bvp;1652105402,22616;2,700821
E4_Bvp;1652105402,24179;2,772003
E4_Bvp;1652105402,25741;2,678238
E4_Bvp;1652105402,27304;2,350342
E4_Bvp;1652105402,28866;1,801605
E4_Bvp;1652105402,30429;1,075577
E4_Bvp;1652105402,31992;0,2236481
E4_Bvp;1652105402,33554;-0,6755066
E4_Bvp;1652105402,35117;-1,571686
E4_Bvp;1652105402,36679;-2,419983
E4_Bvp;1652105402,38242;-3,179062
E4_Bvp;1652105402,39804;-3,886353
E4_Bvp;1652105402,41367;-4,610992
E4_Bvp;1652105402,4293;-5,436325
E4_Bvp;1652105402,44492;-6,450577
E4_Bvp;1652105402,46055;-7,68309
E4_Bvp;1652105402,47617;-9,103043
E4_Bvp;1652105402,4918;-10,65599
E4_Bvp;1652105402,50742;-12,24649
E4_Bvp;1652105402,52305;-13,81123
E4_Bvp;1652105402,53868;-15,30885
E4_Bvp;1652105402,5543;-16,70985
E4_Bvp;1652105402,56993;-18,02614
E4_Bvp;1652105402,58555;-19,29094
E4_Bvp;1652105402,60118;-20,56607
E4_Bvp;1652105402,6168;-21,89346
E4_Bvp;1652105402,63243;-23,24756
E4_Bvp;1652105402,64806;-24,44461
E4_Bvp;1652105402,66368;-25,11542
E4_Bvp;1652105402,67931;-24,79663
E4_Bvp;1652105402,69493;-23,0666
E4_Bvp;1652105402,71056;-19,70628
E4_Bvp;1652105402,72618;-14,85641
E4_Bvp;1652105402,74181;-8,992813
E4_Bvp;1652105402,75744;-2,842239
E4_Bvp;1652105402,77306;2,815826
ManipulatedHR;1652105397,0907;98.60634
E4_Bvp;1652105402,78869;7,354462
E4_Hr;1652105397,0907;55,64959
E4_Ibi;1652105397,0907;1,078175
E4_Bvp;1652105402,80431;10,40695
E4_Bvp;1652105402,81994;11,92146
E4_Bvp;1652105402,83556;12,08279
E4_Bvp;1652105402,85119;11,2832
E4_Bvp;1652105402,86682;9,961212
E4_Bvp;1652105402,88244;8,547943
E4_Bvp;1652105402,89807;7,392838
E4_Bvp;1652105402,91369;6,725281
E4_Bvp;1652105402,92932;6,604202
E4_Bvp;1652105402,94494;6,96936
E4_Bvp;1652105402,96057;7,67421
E4_Bvp;1652105402,9762;8,565872
E4_Bvp;1652105402,99182;9,546387
E4_Bvp;1652105403,00745;10,59686
E4_Bvp;1652105403,02307;11,71996
E4_Bvp;1652105403,0387;12,8988
E4_Bvp;1652105403,05433;14,04286
E4_Bvp;1652105403,06995;14,97452
E4_Bvp;1652105403,08558;15,50963
E4_Bvp;1652105403,1012;15,52341
E4_Bvp;1652105403,11683;14,99457
E4_Bvp;1652105403,13245;14,00969
E4_Bvp;1652105403,14808;12,73816
E4_Bvp;1652105403,16371;11,31189
E4_Bvp;1652105403,17933;9,846329
E4_Bvp;1652105403,19496;8,425522
E4_Bvp;1652105403,21058;7,114883
E4_Bvp;1652105403,22621;6,014496
E4_Bvp;1652105403,24183;5,259293
E4_Bvp;1652105403,25746;4,931992
E4_Bvp;1652105403,27309;5,023117
E4_Bvp;1652105403,28871;5,399933
E4_Gsr;1652105401,908;0,05254406
E4_Gsr;1652105402,158;0,04869938
E4_Gsr;1652105402,408;0,04869938
E4_Gsr;1652105402,658;0,04869938
E4_Gsr;1652105402,908;0,04998094
E4_Gsr;1652105403,158;0,04998094
E4_Bvp;1652105403,30434;5,860397
E4_Bvp;1652105403,31996;6,199463
E4_Bvp;1652105403,33559;6,303955
E4_Bvp;1652105403,35121;6,159012
E4_Bvp;1652105403,36684;5,843201
E4_Bvp;1652105403,38247;5,453033
E4_Bvp;1652105403,39809;5,025406
E4_Bvp;1652105403,41372;4,538696
E4_Bvp;1652105403,42934;3,952194
E4_Bvp;1652105403,44497;3,199722
E4_Bvp;1652105403,46059;2,247635
E4_Bvp;1652105403,47622;1,095139
E4_Bvp;1652105403,49185;-0,2474213
E4_Bvp;1652105403,50747;-1,733261
E4_Bvp;1652105403,5231;-3,273987
E4_Bvp;1652105403,53872;-4,791321
E4_Bvp;1652105403,55435;-6,230942
E4_Bvp;1652105403,56997;-7,58255
E4_Bvp;1652105403,5856;-8,873444
E4_Bvp;1652105403,60123;-10,14339
E4_Bvp;1652105403,61685;-11,39386
E4_Bvp;1652105403,63248;-12,62137
E4_Bvp;1652105403,6481;-13,77316
E4_Bvp;1652105403,66373;-14,85196
E4_Bvp;1652105403,67935;-15,94151
E4_Bvp;1652105403,69498;-17,20674
E4_Bvp;1652105403,71061;-18,79974
E4_Bvp;1652105403,72623;-20,80988
E4_Bvp;1652105403,74186;-23,16132
E4_Bvp;1652105403,75748;-25,60138
E4_Bvp;1652105403,77311;-27,77264
E4_Bvp;1652105403,78873;-29,20692
E4_Bvp;1652105403,80436;-29,45267
ManipulatedHR;1652105398,16888;107.519
E4_Bvp;1652105403,81999;-28,17754
E4_Bvp;1652105403,83561;-25,22737
E4_Bvp;1652105403,85124;-20,70062
E4_Bvp;1652105403,86686;-14,96672
E4_Bvp;1652105403,88249;-8,624512
E4_Bvp;1652105403,89811;-2,372452
E4_Bvp;1652105403,91374;3,121292
E4_Bvp;1652105403,92937;7,359192
E4_Hr;1652105398,16888;55,6496
E4_Ibi;1652105398,16888;1,078175
E4_Bvp;1652105403,94499;10,09227
E4_Bvp;1652105403,96062;11,34152
E4_Bvp;1652105403,97624;11,38164
E4_Bvp;1652105403,99187;10,59808
E4_Bvp;1652105404,00749;9,402985
E4_Bvp;1652105404,02312;8,129929
E4_Bvp;1652105404,03875;7,004227
E4_Bvp;1652105404,05437;6,138428
E4_Bvp;1652105404,07;5,601181
E4_Bvp;1652105404,08562;5,435898
E4_Bvp;1652105404,10125;5,695999
E4_Bvp;1652105404,11687;6,45607
E4_Bvp;1652105404,1325;7,687164
E4_Bvp;1652105404,14813;9,2854
E4_Bvp;1652105404,16375;11,03481
E4_Bvp;1652105404,17938;12,70628
E4_Bvp;1652105404,195;14,05914
E4_Bvp;1652105404,21063;14,94962
E4_Bvp;1652105404,22625;15,32104
E4_Bvp;1652105404,24188;15,186
E4_Bvp;1652105404,25751;14,6631
E4_Bvp;1652105404,27313;13,80391
E4_Bvp;1652105404,28876;12,69426
E4_Bvp;1652105404,30438;11,40639
E4_Bvp;1652105404,32001;10,05637
E4_Bvp;1652105404,33563;8,748581
E4_Bvp;1652105404,35126;7,600449
E4_Bvp;1652105404,36689;6,67392
E4_Bvp;1652105404,38251;5,952896
E4_Bvp;1652105404,39814;5,351761
E4_Bvp;1652105404,41376;4,756149
E4_Bvp;1652105404,42939;4,121567
E4_Bvp;1652105404,44501;3,473343
E4_Bvp;1652105404,46064;2,92453
E4_Bvp;1652105404,47627;2,590286
E4_Bvp;1652105404,49189;2,481003
E4_Bvp;1652105404,50752;2,481033
E4_Bvp;1652105404,52314;2,358078
E4_Bvp;1652105404,53877;1,881927
E4_Bvp;1652105404,55439;0,9523468
E4_Bvp;1652105404,57002;-0,3524933
E4_Bvp;1652105404,58565;-1,781876
E4_Bvp;1652105404,60127;-3,040497
E4_Bvp;1652105404,6169;-3,91861
E4_Bvp;1652105404,63252;-4,373344
E4_Bvp;1652105404,64815;-4,574509
E4_Bvp;1652105404,66377;-4,822769
E4_Bvp;1652105404,6794;-5,409454
E4_Bvp;1652105404,69503;-6,500427
E4_Bvp;1652105404,71065;-8,08696
E4_Bvp;1652105404,72628;-9,944946
E4_Bvp;1652105404,7419;-11,77704
E4_Bvp;1652105404,75753;-13,33411
E4_Bvp;1652105404,77315;-14,5133
E4_Bvp;1652105404,78878;-15,39192
E4_Bvp;1652105404,80441;-16,21832
E4_Bvp;1652105404,82003;-17,23011
E4_Bvp;1652105404,83566;-18,5963
E4_Gsr;1652105403,408;0,05254406
E4_Gsr;1652105403,658;0,05126251
E4_Gsr;1652105403,908;0,05126251
E4_Gsr;1652105404,158;0,05254406
E4_Gsr;1652105404,408;0,04998094
E4_Gsr;1652105404,658;0,05382563
E4_Bvp;1652105404,85128;-20,3371
E4_Bvp;1652105404,86691;-22,25776
E4_Bvp;1652105404,88253;-24,05986
E4_Bvp;1652105404,89816;-25,35576
E4_Bvp;1652105404,91379;-25,75695
E4_Bvp;1652105404,92941;-24,90726
E4_Bvp;1652105404,94504;-22,59309
E4_Bvp;1652105404,96066;-18,78637
E4_Bvp;1652105404,97629;-13,72961
E4_Bvp;1652105404,99191;-7,950348
E4_Bvp;1652105405,00754;-2,13372
ManipulatedHR;1652105399,30955;72.70487
E4_Bvp;1652105405,02317;2,999924
E4_Bvp;1652105405,03879;6,909882
E4_Hr;1652105399,30955;52,6003
E4_Ibi;1652105399,30955;1,140678
E4_Bvp;1652105405,05442;9,342453
E4_Bvp;1652105405,07004;10,39421
E4_Bvp;1652105405,08567;10,38929
E4_Bvp;1652105405,10129;9,771713
E4_Bvp;1652105405,11692;8,949089
E4_Bvp;1652105405,13255;8,215317
E4_Bvp;1652105405,14817;7,735596
E4_Bvp;1652105405,1638;7,56665
E4_Bvp;1652105405,17942;7,731552
E4_Bvp;1652105405,19505;8,213379
E4_Bvp;1652105405,21068;8,970116
E4_Bvp;1652105405,2263;9,886665
E4_Bvp;1652105405,24193;10,84334
E4_Bvp;1652105405,25755;11,74577
E4_Bvp;1652105405,27318;12,55234
E4_Bvp;1652105405,2888;13,3203
E4_Bvp;1652105405,30443;14,06241
E4_Bvp;1652105405,32006;14,77135
E4_Bvp;1652105405,33568;15,32384
E4_Bvp;1652105405,35131;15,52252
E4_Bvp;1652105405,36693;15,16539
E4_Bvp;1652105405,38256;14,17985
E4_Bvp;1652105405,39818;12,68181
E4_Bvp;1652105405,41381;10,90641
E4_Bvp;1652105405,42944;9,169403
E4_Bvp;1652105405,44506;7,680084
E4_Bvp;1652105405,46069;6,531616
E4_Bvp;1652105405,47631;5,684189
E4_Bvp;1652105405,49194;5,044258
E4_Bvp;1652105405,50756;4,509018
E4_Bvp;1652105405,52319;4,047287
E4_Bvp;1652105405,53882;3,699036
E4_Bvp;1652105405,55444;3,482285
E4_Bvp;1652105405,57007;3,388
E4_Bvp;1652105405,58569;3,300385
E4_Bvp;1652105405,60132;3,07769
E4_Bvp;1652105405,61694;2,600609
E4_Bvp;1652105405,63257;1,86631
E4_Bvp;1652105405,6482;0,9462433
E4_Bvp;1652105405,66382;-0,02248383
E4_Bvp;1652105405,67945;-0,9252014
E4_Bvp;1652105405,69507;-1,763924
E4_Bvp;1652105405,7107;-2,592606
E4_Bvp;1652105405,72632;-3,512611
E4_Bvp;1652105405,74195;-4,561043
E4_Bvp;1652105405,75758;-5,689751
E4_Bvp;1652105405,7732;-6,812019
E4_Bvp;1652105405,78883;-7,879684
E4_Bvp;1652105405,80445;-8,917191
E4_Bvp;1652105405,82008;-10,00024
E4_Bvp;1652105405,8357;-11,2318
E4_Bvp;1652105405,85133;-12,6084
E4_Bvp;1652105405,86696;-14,0742
E4_Bvp;1652105405,88258;-15,54824
E4_Bvp;1652105405,89821;-16,99054
E4_Bvp;1652105405,91383;-18,41528
E4_Bvp;1652105405,92946;-19,84362
E4_Bvp;1652105405,94508;-21,18497
E4_Bvp;1652105405,96071;-22,15623
E4_Bvp;1652105405,97634;-22,33061
E4_Bvp;1652105405,99196;-21,25691
E4_Bvp;1652105406,00759;-18,66534
E4_Bvp;1652105406,02321;-14,62613
E4_Bvp;1652105406,03884;-9,543907
ManipulatedHR;1652105400,41898;83.57119
E4_Bvp;1652105406,05446;-4,077896
E4_Bvp;1652105406,07009;1,0439
E4_Bvp;1652105406,08572;5,276497
E4_Bvp;1652105406,10134;8,270645
E4_Hr;1652105400,41898;54,08201
E4_Ibi;1652105400,41898;1,109426
E4_Bvp;1652105406,11697;9,953911
E4_Bvp;1652105406,13259;10,44759
E4_Bvp;1652105406,14822;10,01968
E4_Bvp;1652105406,16384;8,995529
E4_Bvp;1652105406,17947;7,71405
E4_Bvp;1652105406,1951;6,478889
E4_Bvp;1652105406,21072;5,500603
E4_Bvp;1652105406,22635;4,914604
E4_Bvp;1652105406,24197;4,75528
E4_Bvp;1652105406,2576;5,036652
E4_Bvp;1652105406,27322;5,765411
E4_Bvp;1652105406,28885;6,920013
E4_Bvp;1652105406,30448;8,414238
E4_Bvp;1652105406,3201;10,07229
E4_Bvp;1652105406,33573;11,63136
E4_Bvp;1652105406,35135;12,81315
E4_Bvp;1652105406,36698;13,47411
E4_Bvp;1652105406,3826;13,60184
E4_Gsr;1652105404,908;0,05382563
E4_Gsr;1652105405,158;0,04998094
E4_Gsr;1652105405,408;0,04998094
E4_Gsr;1652105405,658;0,05254406
E4_Gsr;1652105405,908;0,04998094
E4_Gsr;1652105406,158;0,05126251
E4_Bvp;1652105406,39823;13,35759
E4_Bvp;1652105406,41386;12,95922
E4_Bvp;1652105406,42948;12,53764
E4_Bvp;1652105406,44511;12,07828
E4_Bvp;1652105406,46073;11,42695
E4_Bvp;1652105406,47636;10,40805
E4_Bvp;1652105406,49198;8,924339
E4_Bvp;1652105406,50761;7,120651
E4_Bvp;1652105406,52324;5,263145
E4_Bvp;1652105406,53886;3,714195
E4_Bvp;1652105406,55449;2,713867
E4_Bvp;1652105406,57011;2,28495
E4_Bvp;1652105406,58574;2,272232
E4_Bvp;1652105406,60136;2,398727
E4_Bvp;1652105406,61699;2,409538
E4_Bvp;1652105406,63262;2,139771
E4_Bvp;1652105406,64824;1,569885
E4_Bvp;1652105406,66387;0,7593842
E4_Bvp;1652105406,67949;-0,13311
E4_Bvp;1652105406,69512;-0,9604645
E4_Bvp;1652105406,71074;-1,578445
E4_Bvp;1652105406,72637;-1,940018
E4_Bvp;1652105406,742;-2,147011
E4_Bvp;1652105406,75762;-2,420303
E4_Bvp;1652105406,77325;-3,050003
E4_Bvp;1652105406,78887;-4,260674
E4_Bvp;1652105406,8045;-6,088409
E4_Bvp;1652105406,82012;-8,342133
E4_Bvp;1652105406,83575;-10,6851
E4_Bvp;1652105406,85138;-12,7902
E4_Bvp;1652105406,867;-14,45288
E4_Bvp;1652105406,88263;-15,69645
E4_Bvp;1652105406,89825;-16,68016
E4_Bvp;1652105406,91388;-17,63603
E4_Bvp;1652105406,9295;-18,76593
E4_Bvp;1652105406,94513;-20,19133
E4_Bvp;1652105406,96076;-21,92062
E4_Bvp;1652105406,97638;-23,8373
E4_Bvp;1652105406,99201;-25,70887
E4_Bvp;1652105407,00763;-27,14982
E4_Bvp;1652105407,02326;-27,71426
E4_Bvp;1652105407,03888;-26,94049
E4_Bvp;1652105407,05451;-24,5653
E4_Bvp;1652105407,07014;-20,59411
ManipulatedHR;1652105401,48153;113.4993
E4_Bvp;1652105407,08576;-15,37423
E4_Bvp;1652105407,10139;-9,511063
E4_Bvp;1652105407,11701;-3,735657
E4_Bvp;1652105407,13264;1,280579
E4_Bvp;1652105407,14826;5,092159
E4_Bvp;1652105407,16389;7,530567
E4_Hr;1652105401,48153;56,46796
E4_Ibi;1652105401,48153;1,062549
E4_Bvp;1652105407,17952;8,747047
E4_Bvp;1652105407,19514;9,069397
E4_Bvp;1652105407,21077;8,886078
E4_Bvp;1652105407,22639;8,544888
E4_Bvp;1652105407,24202;8,240993
E4_Bvp;1652105407,25764;8,073189
E4_Bvp;1652105407,27327;8,054306
E4_Bvp;1652105407,2889;8,187077
E4_Bvp;1652105407,30452;8,46648
E4_Bvp;1652105407,32015;8,905819
E4_Bvp;1652105407,33577;9,513626
E4_Bvp;1652105407,3514;10,2777
E4_Bvp;1652105407,36702;11,21326
E4_Bvp;1652105407,38265;12,28282
E4_Bvp;1652105407,39828;13,43854
E4_Bvp;1652105407,4139;14,54633
E4_Bvp;1652105407,42953;15,38316
E4_Bvp;1652105407,44515;15,7118
E4_Bvp;1652105407,46078;15,36719
E4_Bvp;1652105407,4764;14,3731
E4_Bvp;1652105407,49203;12,90246
E4_Bvp;1652105407,50766;11,24648
E4_Bvp;1652105407,52328;9,615704
E4_Bvp;1652105407,53891;8,129135
E4_Bvp;1652105407,55453;6,776409
E4_Bvp;1652105407,57016;5,503757
E4_Bvp;1652105407,58578;4,312115
E4_Bvp;1652105407,60141;3,242695
E4_Bvp;1652105407,61704;2,360531
E4_Bvp;1652105407,63266;1,654541
E4_Bvp;1652105407,64829;1,044922
E4_Bvp;1652105407,66391;0,4073296
E4_Bvp;1652105407,67954;-0,3330193
E4_Bvp;1652105407,69516;-1,160275
E4_Bvp;1652105407,71079;-1,956425
E4_Bvp;1652105407,72642;-2,575474
E4_Bvp;1652105407,74204;-2,972744
E4_Bvp;1652105407,75767;-3,151581
E4_Bvp;1652105407,77329;-3,237938
E4_Bvp;1652105407,78892;-3,352631
E4_Bvp;1652105407,80454;-3,609631
E4_Bvp;1652105407,82017;-4,109112
E4_Bvp;1652105407,8358;-4,911125
E4_Bvp;1652105407,85142;-6,027336
E4_Bvp;1652105407,86705;-7,417149
E4_Bvp;1652105407,88267;-8,978317
E4_Bvp;1652105407,8983;-10,56714
E4_Bvp;1652105407,91393;-12,04512
E4_Bvp;1652105407,92955;-13,3276
E4_Gsr;1652105406,408;0,05254406
E4_Gsr;1652105406,658;0,05382563
E4_Gsr;1652105406,908;0,05382563
E4_Gsr;1652105407,158;0,05254406
E4_Gsr;1652105407,408;0,05382563
E4_Gsr;1652105407,658;0,05382563
E4_Bvp;1652105407,94518;-14,38982
E4_Bvp;1652105407,9608;-15,30324
E4_Bvp;1652105407,97643;-16,18841
E4_Bvp;1652105407,99205;-17,22437
E4_Bvp;1652105408,00768;-18,55154
E4_Bvp;1652105408,02331;-20,2924
E4_Bvp;1652105408,03893;-22,39206
E4_Bvp;1652105408,05456;-24,60995
E4_Bvp;1652105408,07018;-26,48812
E4_Bvp;1652105408,08581;-27,42578
E4_Bvp;1652105408,10143;-26,87185
ManipulatedHR;1652105402,54408;74.14982
E4_Bvp;1652105408,11706;-24,50056
E4_Bvp;1652105408,13269;-20,39324
E4_Bvp;1652105408,14831;-15,0306
E4_Bvp;1652105408,16394;-9,181213
E4_Bvp;1652105408,17956;-3,636425
E4_Bvp;1652105408,19519;0,971489
E4_Bvp;1652105408,21081;4,362598
E4_Bvp;1652105408,22644;6,586605
E4_Hr;1652105402,54408;56,46798
E4_Ibi;1652105402,54408;1,062549
E4_Bvp;1652105408,24207;7,890026
E4_Bvp;1652105408,25769;8,574886
E4_Bvp;1652105408,27332;8,833134
E4_Bvp;1652105408,28894;8,772011
E4_Bvp;1652105408,30457;8,44025
E4_Bvp;1652105408,32019;7,916595
E4_Bvp;1652105408,33582;7,368195
E4_Bvp;1652105408,35145;7,029213
E4_Bvp;1652105408,36707;7,092369
E4_Bvp;1652105408,3827;7,65126
E4_Bvp;1652105408,39832;8,677994
E4_Bvp;1652105408,41395;10,02213
E4_Bvp;1652105408,42957;11,50451
E4_Bvp;1652105408,4452;12,9563
E4_Bvp;1652105408,46083;14,28632
E4_Bvp;1652105408,47645;15,42544
E4_Bvp;1652105408,49208;16,31087
E4_Bvp;1652105408,5077;16,83812
E4_Bvp;1652105408,52333;16,86785
E4_Bvp;1652105408,53895;16,29565
E4_Bvp;1652105408,55458;15,10243
E4_Bvp;1652105408,57021;13,40882
E4_Bvp;1652105408,58583;11,45548
E4_Bvp;1652105408,60146;9,536888
E4_Bvp;1652105408,61708;7,901901
E4_Bvp;1652105408,63271;6,699005
E4_Bvp;1652105408,64833;5,936531
E4_Bvp;1652105408,66396;5,532112
E4_Bvp;1652105408,67959;5,345535
E4_Bvp;1652105408,69521;5,238426
E4_Bvp;1652105408,71084;5,074226
E4_Bvp;1652105408,72646;4,731812
E4_Bvp;1652105408,74209;4,159332
E4_Bvp;1652105408,75771;3,368523
E4_Bvp;1652105408,77334;2,476608
E4_Bvp;1652105408,78897;1,649483
E4_Bvp;1652105408,80459;1,057869
E4_Bvp;1652105408,82022;0,7289352
E4_Bvp;1652105408,83584;0,5383759
E4_Bvp;1652105408,85147;0,2477722
E4_Bvp;1652105408,86709;-0,4294357
E4_Bvp;1652105408,88272;-1,637596
E4_Bvp;1652105408,89835;-3,36293
E4_Bvp;1652105408,91397;-5,391556
E4_Bvp;1652105408,9296;-7,432358
E4_Bvp;1652105408,94522;-9,243317
E4_Bvp;1652105408,96085;-10,71455
E4_Bvp;1652105408,97647;-11,91065
E4_Bvp;1652105408,9921;-12,96789
E4_Bvp;1652105409,00773;-14,05537
E4_Bvp;1652105409,02335;-15,25177
E4_Bvp;1652105409,03898;-16,57679
E4_Bvp;1652105409,0546;-17,97087
E4_Bvp;1652105409,07023;-19,34204
E4_Bvp;1652105409,08585;-20,51144
E4_Bvp;1652105409,10148;-21,19777
E4_Bvp;1652105409,11711;-21,02679
E4_Bvp;1652105409,13273;-19,58765
ManipulatedHR;1652105403,60663;61.88519
E4_Bvp;1652105409,14836;-16,59816
E4_Bvp;1652105409,16398;-12,06123
E4_Bvp;1652105409,17961;-6,378609
E4_Bvp;1652105409,19523;-0,2698441
E4_Bvp;1652105409,21086;5,391068
E4_Bvp;1652105409,22649;9,85437
E4_Hr;1652105403,60663;56,46798
E4_Ibi;1652105403,60663;1,062549
E4_Bvp;1652105409,24211;12,71243
E4_Bvp;1652105409,25774;13,95615
E4_Bvp;1652105409,27336;13,93891
E4_Bvp;1652105409,28899;13,1554
E4_Bvp;1652105409,30461;12,06223
E4_Gsr;1652105407,908;0,04998094
E4_Gsr;1652105408,158;0,04998094
E4_Gsr;1652105408,408;0,04998094
E4_Gsr;1652105408,658;0,04998094
E4_Gsr;1652105408,908;0,04998094
E4_Gsr;1652105409,158;0,05254406
E4_Bvp;1652105409,32024;10,95147
E4_Bvp;1652105409,33587;9,948166
E4_Bvp;1652105409,35149;9,109825
E4_Bvp;1652105409,36712;8,479141
E4_Bvp;1652105409,38274;8,160004
E4_Bvp;1652105409,39837;8,246658
E4_Bvp;1652105409,41399;8,744049
E4_Bvp;1652105409,42962;9,591591
E4_Bvp;1652105409,44525;10,64494
E4_Bvp;1652105409,46087;11,75644
E4_Bvp;1652105409,4765;12,80456
E4_Bvp;1652105409,49212;13,73094
E4_Bvp;1652105409,50775;14,44354
E4_Bvp;1652105409,52337;14,84272
E4_Bvp;1652105409,539;14,81149
E4_Bvp;1652105409,55463;14,27192
E4_Bvp;1652105409,57025;13,25536
E4_Bvp;1652105409,58588;11,87351
E4_Bvp;1652105409,6015;10,32112
E4_Bvp;1652105409,61713;8,781441
E4_Bvp;1652105409,63275;7,41964
E4_Bvp;1652105409,64838;6,358459
E4_Bvp;1652105409,66401;5,665848
E4_Bvp;1652105409,67963;5,293205
E4_Bvp;1652105409,69526;5,115417
E4_Bvp;1652105409,71088;4,923523
E4_Bvp;1652105409,72651;4,489624
E4_Bvp;1652105409,74213;3,693069
E4_Bvp;1652105409,75776;2,541946
E4_Bvp;1652105409,77339;1,182487
E4_Bvp;1652105409,78901;-0,202095
E4_Bvp;1652105409,80464;-1,444435
E4_Bvp;1652105409,82026;-2,495239
E4_Bvp;1652105409,83589;-3,395355
E4_Bvp;1652105409,85151;-4,257935
E4_Bvp;1652105409,86714;-5,180077
E4_Bvp;1652105409,88277;-6,267776
E4_Bvp;1652105409,89839;-7,569122
E4_Bvp;1652105409,91402;-9,111031
E4_Bvp;1652105409,92964;-10,86145
E4_Bvp;1652105409,94527;-12,71638
E4_Bvp;1652105409,96089;-14,5503
E4_Bvp;1652105409,97652;-16,22785
E4_Bvp;1652105409,99215;-17,665
E4_Bvp;1652105410,00777;-18,85425
E4_Bvp;1652105410,0234;-19,90719
E4_Bvp;1652105410,03902;-20,99048
E4_Bvp;1652105410,05465;-22,27677
E4_Bvp;1652105410,07028;-23,86158
E4_Bvp;1652105410,0859;-25,61021
E4_Bvp;1652105410,10153;-27,1547
E4_Bvp;1652105410,11715;-27,89651
E4_Bvp;1652105410,13278;-27,19277
E4_Bvp;1652105410,1484;-24,58359
E4_Bvp;1652105410,16403;-20,05101
ManipulatedHR;1652105404,60667;100.1581
E4_Bvp;1652105410,17966;-14,06588
E4_Bvp;1652105410,19528;-7,484833
E4_Bvp;1652105410,21091;-1,280235
E4_Bvp;1652105410,22653;3,770096
E4_Bvp;1652105410,24216;7,300606
E4_Hr;1652105404,60667;59,99721
E4_Ibi;1652105404,60667;1,000046
E4_Bvp;1652105410,25778;9,38942
E4_Bvp;1652105410,27341;10,41025
E4_Bvp;1652105410,28904;10,80439
E4_Bvp;1652105410,30466;10,93037
E4_Bvp;1652105410,32029;10,97501
E4_Bvp;1652105410,33591;11,01816
E4_Bvp;1652105410,35154;11,08411
E4_Bvp;1652105410,36716;11,22575
E4_Bvp;1652105410,38279;11,52884
E4_Bvp;1652105410,39842;12,05236
E4_Bvp;1652105410,41404;12,82237
E4_Bvp;1652105410,42967;13,77621
E4_Bvp;1652105410,44529;14,80499
E4_Bvp;1652105410,46092;15,80358
E4_Bvp;1652105410,47654;16,65821
E4_Bvp;1652105410,49217;17,2984
E4_Bvp;1652105410,5078;17,69068
E4_Bvp;1652105410,52342;17,84605
E4_Bvp;1652105410,53905;17,76285
E4_Bvp;1652105410,55467;17,46803
E4_Bvp;1652105410,5703;16,93237
E4_Bvp;1652105410,58592;16,10696
E4_Bvp;1652105410,60155;14,96425
E4_Bvp;1652105410,61718;13,51813
E4_Bvp;1652105410,6328;11,86157
E4_Bvp;1652105410,64843;10,21928
E4_Bvp;1652105410,66405;8,791916
E4_Bvp;1652105410,67968;7,698677
E4_Bvp;1652105410,6953;6,956642
E4_Bvp;1652105410,71093;6,433189
E4_Bvp;1652105410,72656;5,959969
E4_Bvp;1652105410,74218;5,403198
E4_Bvp;1652105410,75781;4,727837
E4_Bvp;1652105410,77343;3,965111
E4_Bvp;1652105410,78906;3,169716
E4_Bvp;1652105410,80468;2,353706
E4_Bvp;1652105410,82031;1,500793
E4_Bvp;1652105410,83594;0,6213837
E4_Bvp;1652105410,85156;-0,2640762
E4_Gsr;1652105409,408;0,05254406
E4_Gsr;1652105409,658;0,05254406
E4_Gsr;1652105409,908;0,05382563
E4_Gsr;1652105410,158;0,05382563
E4_Gsr;1652105410,408;0,05382563
E4_Gsr;1652105410,658;0,05510719
E4_Bvp;1652105410,86719;-1,118553
E4_Bvp;1652105410,88281;-1,899773
E4_Bvp;1652105410,89844;-2,637375
E4_Bvp;1652105410,91406;-3,415588
E4_Bvp;1652105410,92969;-4,355534
E4_Bvp;1652105410,94532;-5,586189
E4_Bvp;1652105410,96094;-7,158901
E4_Bvp;1652105410,97657;-9,047508
E4_Bvp;1652105410,99219;-11,1362
E4_Bvp;1652105411,00782;-13,25311
E4_Bvp;1652105411,02344;-15,18254
E4_Bvp;1652105411,03907;-16,76931
E4_Bvp;1652105411,0547;-17,97755
E4_Bvp;1652105411,07032;-18,89319
E4_Bvp;1652105411,08595;-19,77172
E4_Bvp;1652105411,10157;-20,89427
E4_Bvp;1652105411,1172;-22,46019
E4_Bvp;1652105411,13282;-24,46986
E4_Bvp;1652105411,14845;-26,61019
E4_Bvp;1652105411,16408;-28,29765
E4_Bvp;1652105411,1797;-28,85401
E4_Bvp;1652105411,19533;-27,69387
ManipulatedHR;1652105405,62235;113.8154
E4_Bvp;1652105411,21095;-24,56983
E4_Bvp;1652105411,22658;-19,69113
E4_Bvp;1652105411,2422;-13,65553
E4_Bvp;1652105411,25783;-7,263977
E4_Bvp;1652105411,27346;-1,288826
E4_Bvp;1652105411,28908;3,725544
E4_Bvp;1652105411,30471;7,528191
E4_Hr;1652105405,62235;59,07419
E4_Ibi;1652105405,62235;1,015672
E4_Bvp;1652105411,32033;10,09291
E4_Bvp;1652105411,33596;11,51763
E4_Bvp;1652105411,35158;11,98381
E4_Bvp;1652105411,36721;11,68189
E4_Bvp;1652105411,38284;10,8838
E4_Bvp;1652105411,39846;9,912964
E4_Bvp;1652105411,41409;9,09977
E4_Bvp;1652105411,42971;8,702637
E4_Bvp;1652105411,44534;8,84549
E4_Bvp;1652105411,46096;9,470932
E4_Bvp;1652105411,47659;10,39452
E4_Bvp;1652105411,49222;11,42292
E4_Bvp;1652105411,50784;12,36147
E4_Bvp;1652105411,52347;13,14653
E4_Bvp;1652105411,53909;13,79715
E4_Bvp;1652105411,55472;14,35106
E4_Bvp;1652105411,57034;14,84622
E4_Bvp;1652105411,58597;15,23193
E4_Bvp;1652105411,6016;15,38236
E4_Bvp;1652105411,61722;15,1888
E4_Bvp;1652105411,63285;14,58466
E4_Bvp;1652105411,64847;13,64103
E4_Bvp;1652105411,6641;12,47532
E4_Bvp;1652105411,67972;11,26404
E4_Bvp;1652105411,69535;10,13565
E4_Bvp;1652105411,71098;9,137474
E4_Bvp;1652105411,7266;8,2584
E4_Bvp;1652105411,74223;7,443989
E4_Bvp;1652105411,75785;6,678898
E4_Bvp;1652105411,77348;5,968987
E4_Bvp;1652105411,7891;5,344311
E4_Bvp;1652105411,80473;4,810291
E4_Bvp;1652105411,82036;4,341915
E4_Bvp;1652105411,83598;3,890041
E4_Bvp;1652105411,85161;3,415199
E4_Bvp;1652105411,86723;2,923443
E4_Bvp;1652105411,88286;2,457672
E4_Bvp;1652105411,89848;2,060612
E4_Bvp;1652105411,91411;1,724293
E4_Bvp;1652105411,92974;1,368195
E4_Bvp;1652105411,94536;0,8694382
E4_Bvp;1652105411,96099;0,1032486
E4_Bvp;1652105411,97661;-0,9914246
E4_Bvp;1652105411,99224;-2,368095
E4_Bvp;1652105412,00786;-3,900593
E4_Bvp;1652105412,02349;-5,482681
E4_Bvp;1652105412,03912;-7,019951
E4_Bvp;1652105412,05474;-8,531246
E4_Bvp;1652105412,07037;-10,06527
E4_Bvp;1652105412,08599;-11,65006
E4_Bvp;1652105412,10162;-13,2728
E4_Bvp;1652105412,11724;-14,85221
E4_Bvp;1652105412,13287;-16,30925
E4_Bvp;1652105412,1485;-17,5469
E4_Bvp;1652105412,16412;-18,60772
E4_Bvp;1652105412,17975;-19,57384
E4_Bvp;1652105412,19537;-20,59578
E4_Bvp;1652105412,211;-21,82273
E4_Bvp;1652105412,22662;-23,34015
E4_Bvp;1652105412,24225;-25,09036
E4_Bvp;1652105412,25788;-26,81883
E4_Bvp;1652105412,2735;-28,12299
E4_Bvp;1652105412,28913;-28,47819
E4_Bvp;1652105412,30475;-27,44186
E4_Bvp;1652105412,32038;-24,76965
E4_Bvp;1652105412,336;-20,54159
E4_Bvp;1652105412,35163;-15,16676
E4_Bvp;1652105412,36726;-9,315544
E4_Bvp;1652105412,38288;-3,694759
E4_Bvp;1652105412,39851;1,099693
E4_Gsr;1652105410,908;0,04998094
E4_Gsr;1652105411,158;0,04998094
E4_Gsr;1652105411,408;0,04998094
E4_Gsr;1652105411,658;0,04998094
E4_Gsr;1652105411,908;0,07304907
E4_Gsr;1652105412,158;0,04998094
ManipulatedHR;1652105406,6849;104.079
E4_Bvp;1652105412,41413;4,72646
E4_Bvp;1652105412,42976;7,116127
E4_Hr;1652105406,6849;56,46798
E4_Ibi;1652105406,6849;1,062549
E4_Bvp;1652105412,44538;8,439713
E4_Bvp;1652105412,46101;8,933064
E4_Bvp;1652105412,47664;8,894112
E4_Bvp;1652105412,49226;8,578087
E4_Bvp;1652105412,50789;8,191547
E4_Bvp;1652105412,52351;7,920715
E4_Bvp;1652105412,53914;7,912243
E4_Bvp;1652105412,55476;8,268177
E4_Bvp;1652105412,57039;9,02285
E4_Bvp;1652105412,58602;10,11495
E4_Bvp;1652105412,60164;11,40788
E4_Bvp;1652105412,61727;12,73578
E4_Bvp;1652105412,63289;13,93415
E4_Bvp;1652105412,64852;14,8931
E4_Bvp;1652105412,66414;15,55856
E4_Bvp;1652105412,67977;15,90548
E4_Bvp;1652105412,6954;15,89442
E4_Bvp;1652105412,71102;15,50706
E4_Bvp;1652105412,72665;14,70353
E4_Bvp;1652105412,74227;13,5033
E4_Bvp;1652105412,7579;12,00171
E4_Bvp;1652105412,77353;10,37762
E4_Bvp;1652105412,78915;8,846218
E4_Bvp;1652105412,80478;7,596584
E4_Bvp;1652105412,8204;6,726906
E4_Bvp;1652105412,83603;6,228977
E4_Bvp;1652105412,85165;6,008381
E4_Bvp;1652105412,86728;5,918621
E4_Bvp;1652105412,88291;5,834778
E4_Bvp;1652105412,89853;5,681149
E4_Bvp;1652105412,91416;5,448208
E4_Bvp;1652105412,92978;5,164211
E4_Bvp;1652105412,94541;4,890602
E4_Bvp;1652105412,96103;4,656734
E4_Bvp;1652105412,97666;4,472813
E4_Bvp;1652105412,99229;4,295265
E4_Bvp;1652105413,00791;4,047272
E4_Bvp;1652105413,02354;3,661819
E4_Bvp;1652105413,03916;3,098053
E4_Bvp;1652105413,05479;2,354038
E4_Bvp;1652105413,07041;1,43235
E4_Bvp;1652105413,08604;0,3658791
E4_Bvp;1652105413,10167;-0,8141251
E4_Bvp;1652105413,11729;-2,086525
E4_Bvp;1652105413,13292;-3,420349
E4_Bvp;1652105413,14854;-4,797379
E4_Bvp;1652105413,16417;-6,186676
E4_Bvp;1652105413,17979;-7,551937
E4_Bvp;1652105413,19542;-8,855709
E4_Bvp;1652105413,21105;-10,0728
E4_Bvp;1652105413,22667;-11,23961
E4_Bvp;1652105413,2423;-12,39899
E4_Bvp;1652105413,25792;-13,66831
E4_Bvp;1652105413,27355;-15,1578
E4_Bvp;1652105413,28917;-16,93923
E4_Bvp;1652105413,3048;-18,99823
E4_Bvp;1652105413,32043;-21,18848
E4_Bvp;1652105413,33605;-23,19455
E4_Bvp;1652105413,35168;-24,59543
E4_Bvp;1652105413,3673;-24,93064
E4_Bvp;1652105413,38293;-23,80493
E4_Bvp;1652105413,39855;-21,0507
E4_Bvp;1652105413,41418;-16,79239
E4_Bvp;1652105413,42981;-11,44249
ManipulatedHR;1652105407,80995;88.8987
E4_Bvp;1652105413,44543;-5,633171
E4_Bvp;1652105413,46106;-0,06264114
E4_Bvp;1652105413,47668;4,709248
E4_Bvp;1652105413,49231;8,354752
E4_Hr;1652105407,80995;53,33086
E4_Ibi;1652105407,80995;1,125052
E4_Bvp;1652105413,50793;10,81576
E4_Bvp;1652105413,52356;12,23057
E4_Bvp;1652105413,53919;12,79079
E4_Bvp;1652105413,55481;12,70481
E4_Bvp;1652105413,57044;12,12468
E4_Bvp;1652105413,58606;11,17281
E4_Bvp;1652105413,60169;9,998543
E4_Bvp;1652105413,61731;8,838009
E4_Bvp;1652105413,63294;7,958187
E4_Bvp;1652105413,64857;7,627552
E4_Bvp;1652105413,66419;7,999786
E4_Bvp;1652105413,67982;9,062473
E4_Bvp;1652105413,69544;10,63554
E4_Bvp;1652105413,71107;12,45855
E4_Bvp;1652105413,72669;14,22094
E4_Bvp;1652105413,74232;15,68139
E4_Bvp;1652105413,75795;16,69238
E4_Bvp;1652105413,77357;17,19663
E4_Gsr;1652105412,408;0,05254406
E4_Gsr;1652105412,658;0,05126251
E4_Gsr;1652105412,908;0,05382563
E4_Gsr;1652105413,158;0,05382563
E4_Gsr;1652105413,408;0,05382563
E4_Gsr;1652105413,658;0,05382563
E4_Bvp;1652105413,7892;17,18909
E4_Bvp;1652105413,80482;16,71435
E4_Bvp;1652105413,82045;15,82469
E4_Bvp;1652105413,83607;14,57474
E4_Bvp;1652105413,8517;13,05738
E4_Bvp;1652105413,86733;11,35786
E4_Bvp;1652105413,88295;9,5728
E4_Bvp;1652105413,89858;7,819401
E4_Bvp;1652105413,9142;6,202057
E4_Bvp;1652105413,92983;4,834972
E4_Bvp;1652105413,94545;3,83308
E4_Bvp;1652105413,96108;3,258419
E4_Bvp;1652105413,97671;3,064476
E4_Bvp;1652105413,99233;3,13731
E4_Bvp;1652105414,00796;3,260422
E4_Bvp;1652105414,02358;3,226185
E4_Bvp;1652105414,03921;2,932304
E4_Bvp;1652105414,05483;2,361435
E4_Bvp;1652105414,07046;1,623005
E4_Bvp;1652105414,08609;0,8292427
E4_Bvp;1652105414,10171;0,03849792
E4_Bvp;1652105414,11734;-0,8034096
E4_Bvp;1652105414,13296;-1,799095
E4_Bvp;1652105414,14859;-3,014847
E4_Bvp;1652105414,16421;-4,464821
E4_Bvp;1652105414,17984;-6,037724
E4_Bvp;1652105414,19547;-7,607857
E4_Bvp;1652105414,21109;-9,070858
E4_Bvp;1652105414,22672;-10,37859
E4_Bvp;1652105414,24234;-11,57071
E4_Bvp;1652105414,25797;-12,74586
E4_Bvp;1652105414,27359;-14,01703
E4_Bvp;1652105414,28922;-15,49663
E4_Bvp;1652105414,30485;-17,272
E4_Bvp;1652105414,32047;-19,32354
E4_Bvp;1652105414,3361;-21,58294
E4_Bvp;1652105414,35172;-23,90506
E4_Bvp;1652105414,36735;-26,0892
E4_Bvp;1652105414,38297;-27,88003
E4_Bvp;1652105414,3986;-28,96882
E4_Bvp;1652105414,41423;-28,97837
E4_Bvp;1652105414,42985;-27,54526
E4_Bvp;1652105414,44548;-24,44325
E4_Bvp;1652105414,4611;-19,68793
ManipulatedHR;1652105408,8725;101.3494
E4_Bvp;1652105414,47673;-13,68892
E4_Bvp;1652105414,49235;-7,134212
E4_Bvp;1652105414,50798;-0,8504448
E4_Bvp;1652105414,52361;4,498558
E4_Bvp;1652105414,53923;8,526093
E4_Hr;1652105408,8725;56,46798
E4_Ibi;1652105408,8725;1,062549
E4_Bvp;1652105414,55486;11,20667
E4_Bvp;1652105414,57048;12,7263
E4_Bvp;1652105414,58611;13,30851
E4_Bvp;1652105414,60173;13,14789
E4_Bvp;1652105414,61736;12,39034
E4_Bvp;1652105414,63299;11,24234
E4_Bvp;1652105414,64861;9,979927
E4_Bvp;1652105414,66424;8,934807
E4_Bvp;1652105414,67986;8,351433
E4_Bvp;1652105414,69549;8,318573
E4_Bvp;1652105414,71111;8,776455
E4_Bvp;1652105414,72674;9,572842
E4_Bvp;1652105414,74237;10,59614
E4_Bvp;1652105414,75799;11,81587
E4_Bvp;1652105414,77362;13,23766
E4_Bvp;1652105414,78924;14,82085
E4_Bvp;1652105414,80487;16,41985
E4_Bvp;1652105414,82049;17,77777
E4_Bvp;1652105414,83612;18,62952
E4_Bvp;1652105414,85175;18,81548
E4_Bvp;1652105414,86737;18,30027
E4_Bvp;1652105414,883;17,19059
E4_Bvp;1652105414,89862;15,65598
E4_Bvp;1652105414,91425;13,86245
E4_Bvp;1652105414,92988;11,93815
E4_Bvp;1652105414,9455;9,981255
E4_Bvp;1652105414,96113;8,093624
E4_Bvp;1652105414,97675;6,391151
E4_Bvp;1652105414,99238;5,022171
E4_Bvp;1652105415,008;4,084743
E4_Bvp;1652105415,02363;3,605846
E4_Bvp;1652105415,03926;3,474419
E4_Bvp;1652105415,05488;3,489061
E4_Bvp;1652105415,07051;3,426783
E4_Bvp;1652105415,08613;3,1509
E4_Bvp;1652105415,10176;2,621052
E4_Bvp;1652105415,11738;1,923073
E4_Bvp;1652105415,13301;1,184952
E4_Bvp;1652105415,14864;0,4886761
E4_Bvp;1652105415,16426;-0,1564236
E4_Bvp;1652105415,17989;-0,870636
E4_Bvp;1652105415,19551;-1,797579
E4_Bvp;1652105415,21114;-3,072397
E4_Bvp;1652105415,22676;-4,719769
E4_Bvp;1652105415,24239;-6,677589
E4_Bvp;1652105415,25802;-8,772207
E4_Bvp;1652105415,27364;-10,82763
E4_Bvp;1652105415,28927;-12,71521
E4_Bvp;1652105415,30489;-14,39557
E4_Bvp;1652105415,32052;-15,91942
E4_Gsr;1652105413,908;0,05254406
E4_Gsr;1652105414,158;0,04998094
E4_Gsr;1652105414,408;0,04998094
E4_Gsr;1652105414,658;0,07304907
E4_Gsr;1652105414,908;0,04998094
E4_Gsr;1652105415,158;0,05126251
E4_Bvp;1652105415,33614;-17,38839
E4_Bvp;1652105415,35177;-18,86455
E4_Bvp;1652105415,3674;-20,35703
E4_Bvp;1652105415,38302;-21,88667
E4_Bvp;1652105415,39865;-23,49394
E4_Bvp;1652105415,41427;-25,29122
E4_Bvp;1652105415,4299;-27,34287
E4_Bvp;1652105415,44552;-29,53806
E4_Bvp;1652105415,46115;-31,49711
E4_Bvp;1652105415,47678;-32,617
E4_Bvp;1652105415,4924;-32,22734
ManipulatedHR;1652105409,91942;99.55006
E4_Bvp;1652105415,50803;-29,90272
E4_Bvp;1652105415,52365;-25,62156
E4_Bvp;1652105415,53928;-19,83234
E4_Bvp;1652105415,5549;-13,30577
E4_Bvp;1652105415,57053;-6,872938
E4_Bvp;1652105415,58616;-1,180016
E4_Bvp;1652105415,60178;3,39551
E4_Bvp;1652105415,61741;6,744287
E4_Hr;1652105409,91942;57,31077
E4_Ibi;1652105409,91942;1,046924
E4_Bvp;1652105415,63303;8,933176
E4_Bvp;1652105415,64866;10,12526
E4_Bvp;1652105415,66428;10,53044
E4_Bvp;1652105415,67991;10,39219
E4_Bvp;1652105415,69554;9,993502
E4_Bvp;1652105415,71116;9,5805
E4_Bvp;1652105415,72679;9,353226
E4_Bvp;1652105415,74241;9,39348
E4_Bvp;1652105415,75804;9,708445
E4_Bvp;1652105415,77366;10,2401
E4_Bvp;1652105415,78929;10,93795
E4_Bvp;1652105415,80492;11,78038
E4_Bvp;1652105415,82054;12,78476
E4_Bvp;1652105415,83617;13,95938
E4_Bvp;1652105415,85179;15,206
E4_Bvp;1652105415,86742;16,34312
E4_Bvp;1652105415,88304;17,12572
E4_Bvp;1652105415,89867;17,36391
E4_Bvp;1652105415,9143;17,00174
E4_Bvp;1652105415,92992;16,13653
E4_Bvp;1652105415,94555;14,96225
E4_Bvp;1652105415,96117;13,67892
E4_Bvp;1652105415,9768;12,40446
E4_Bvp;1652105415,99242;11,14678
E4_Bvp;1652105416,00805;9,854561
E4_Bvp;1652105416,02368;8,511698
E4_Bvp;1652105416,0393;7,167908
E4_Bvp;1652105416,05493;5,951126
E4_Bvp;1652105416,07055;4,95479
E4_Bvp;1652105416,08618;4,246315
E4_Bvp;1652105416,1018;3,815552
E4_Bvp;1652105416,11743;3,585764
E4_Bvp;1652105416,13306;3,466198
E4_Bvp;1652105416,14868;3,377222
E4_Bvp;1652105416,16431;3,257498
E4_Bvp;1652105416,17993;3,043123
E4_Bvp;1652105416,19556;2,686346
E4_Bvp;1652105416,21118;2,154316
E4_Bvp;1652105416,22681;1,457642
E4_Bvp;1652105416,24244;0,6449261
E4_Bvp;1652105416,25806;-0,2313805
E4_Bvp;1652105416,27369;-1,149055
E4_Bvp;1652105416,28931;-2,108824
E4_Bvp;1652105416,30494;-3,168856
E4_Bvp;1652105416,32056;-4,404839
E4_Bvp;1652105416,33619;-5,857441
E4_Bvp;1652105416,35182;-7,541931
E4_Bvp;1652105416,36744;-9,413221
E4_Bvp;1652105416,38307;-11,35946
E4_Bvp;1652105416,39869;-13,21832
E4_Bvp;1652105416,41432;-14,83566
E4_Bvp;1652105416,42994;-16,12166
E4_Bvp;1652105416,44557;-17,10657
E4_Bvp;1652105416,4612;-17,95906
E4_Bvp;1652105416,47682;-18,91771
E4_Bvp;1652105416,49245;-20,24254
E4_Bvp;1652105416,50807;-22,04505
E4_Bvp;1652105416,5237;-24,27956
E4_Bvp;1652105416,53932;-26,64726
E4_Bvp;1652105416,55495;-28,66909
E4_Bvp;1652105416,57058;-29,72957
E4_Bvp;1652105416,5862;-29,28689
E4_Bvp;1652105416,60183;-26,96495
E4_Bvp;1652105416,61745;-22,71633
E4_Bvp;1652105416,63308;-16,88856
E4_Bvp;1652105416,6487;-10,11839
E4_Bvp;1652105416,66433;-3,238163
E4_Bvp;1652105416,67996;2,972578
E4_Bvp;1652105416,69558;7,939474
ManipulatedHR;1652105410,99759;108.207
E4_Hr;1652105410,99759;55,6496
E4_Ibi;1652105410,99759;1,078175
E4_Bvp;1652105416,71121;11,41264
E4_Bvp;1652105416,72683;13,37497
E4_Bvp;1652105416,74246;14,05452
E4_Bvp;1652105416,75808;13,76949
E4_Bvp;1652105416,77371;12,88124
E4_Bvp;1652105416,78934;11,7804
E4_Bvp;1652105416,80496;10,7817
E4_Bvp;1652105416,82059;10,11649
E4_Bvp;1652105416,83621;9,856823
E4_Bvp;1652105416,85184;9,946339
E4_Bvp;1652105416,86746;10,25811
E4_Gsr;1652105415,408;0,05382563
E4_Gsr;1652105415,658;0,05382563
E4_Gsr;1652105415,908;0,05510719
E4_Gsr;1652105416,158;0,05382563
E4_Gsr;1652105416,408;0,05382563
E4_Gsr;1652105416,658;0,05382563
E4_Bvp;1652105416,88309;10,68197
E4_Bvp;1652105416,89872;11,19912
E4_Bvp;1652105416,91434;11,87455
E4_Bvp;1652105416,92997;12,80206
E4_Bvp;1652105416,94559;13,9684
E4_Bvp;1652105416,96122;15,25856
E4_Bvp;1652105416,97684;16,45619
E4_Bvp;1652105416,99247;17,32344
E4_Bvp;1652105417,0081;17,6842
E4_Bvp;1652105417,02372;17,50519
E4_Bvp;1652105417,03935;16,8484
E4_Bvp;1652105417,05497;15,8325
E4_Bvp;1652105417,0706;14,58134
E4_Bvp;1652105417,08622;13,17472
E4_Bvp;1652105417,10185;11,67566
E4_Bvp;1652105417,11748;10,16125
E4_Bvp;1652105417,1331;8,756046
E4_Bvp;1652105417,14873;7,563812
E4_Bvp;1652105417,16435;6,691143
E4_Bvp;1652105417,17998;6,127308
E4_Bvp;1652105417,19561;5,765903
E4_Bvp;1652105417,21123;5,478153
E4_Bvp;1652105417,22686;5,112019
E4_Bvp;1652105417,24248;4,615639
E4_Bvp;1652105417,25811;4,019867
E4_Bvp;1652105417,27373;3,386543
E4_Bvp;1652105417,28936;2,777855
E4_Bvp;1652105417,30499;2,206818
E4_Bvp;1652105417,32061;1,616386
E4_Bvp;1652105417,33624;0,9202881
E4_Bvp;1652105417,35186;0,01278305
E4_Bvp;1652105417,36749;-1,200539
E4_Bvp;1652105417,38311;-2,756645
E4_Bvp;1652105417,39874;-4,629288
E4_Bvp;1652105417,41437;-6,691589
E4_Bvp;1652105417,42999;-8,75127
E4_Bvp;1652105417,44562;-10,57966
E4_Bvp;1652105417,46124;-12,04351
E4_Bvp;1652105417,47687;-13,14812
E4_Bvp;1652105417,49249;-14,08687
E4_Bvp;1652105417,50812;-15,19287
E4_Bvp;1652105417,52375;-16,76046
E4_Bvp;1652105417,53937;-18,9476
E4_Bvp;1652105417,555;-21,64006
E4_Bvp;1652105417,57062;-24,45842
E4_Bvp;1652105417,58625;-26,78819
E4_Bvp;1652105417,60187;-27,96266
E4_Bvp;1652105417,6175;-27,43785
E4_Bvp;1652105417,63313;-24,94405
E4_Bvp;1652105417,64875;-20,66278
E4_Bvp;1652105417,66438;-15,10317
E4_Bvp;1652105417,68;-9,003384
E4_Bvp;1652105417,69563;-3,080494
E4_Bvp;1652105417,71125;2,107086
E4_Bvp;1652105417,72688;6,236689
ManipulatedHR;1652105412,07577;73.65854
E4_Bvp;1652105417,74251;9,181021
E4_Hr;1652105412,07577;55,64959
E4_Ibi;1652105412,07577;1,078175
E4_Bvp;1652105417,75813;10,91905
E4_Bvp;1652105417,77376;11,54488
E4_Bvp;1652105417,78938;11,20865
E4_Bvp;1652105417,80501;10,22996
E4_Bvp;1652105417,82063;8,970675
E4_Bvp;1652105417,83626;7,842451
E4_Bvp;1652105417,85189;7,150005
E4_Bvp;1652105417,86751;7,004358
E4_Bvp;1652105417,88314;7,405701
E4_Bvp;1652105417,89876;8,248644
E4_Bvp;1652105417,91439;9,467916
E4_Bvp;1652105417,93001;11,01894
E4_Bvp;1652105417,94564;12,89684
E4_Bvp;1652105417,96127;14,98771
E4_Bvp;1652105417,97689;17,11278
E4_Bvp;1652105417,99252;19,00388
E4_Bvp;1652105418,00814;20,36998
E4_Bvp;1652105418,02377;21,04087
E4_Bvp;1652105418,03939;20,94454
E4_Bvp;1652105418,05502;20,16853
E4_Bvp;1652105418,07065;18,87993
E4_Bvp;1652105418,08627;17,2907
E4_Bvp;1652105418,1019;15,54497
E4_Bvp;1652105418,11752;13,75289
E4_Bvp;1652105418,13315;11,99576
E4_Bvp;1652105418,14877;10,30642
E4_Bvp;1652105418,1644;8,751808
E4_Bvp;1652105418,18003;7,361296
E4_Bvp;1652105418,19565;6,16547
E4_Bvp;1652105418,21128;5,12211
E4_Bvp;1652105418,2269;4,144608
E4_Bvp;1652105418,24253;3,151876
E4_Bvp;1652105418,25815;2,080273
E4_Bvp;1652105418,27378;0,9647827
E4_Bvp;1652105418,28941;-0,1445236
E4_Bvp;1652105418,30503;-1,17226
E4_Bvp;1652105418,32066;-2,107822
E4_Bvp;1652105418,33628;-3,033182
E4_Bvp;1652105418,35191;-4,050499
E4_Bvp;1652105418,36753;-5,286795
E4_Bvp;1652105418,38316;-6,754
E4_Bvp;1652105418,39879;-8,41633
E4_Bvp;1652105418,41441;-10,20221
E4_Gsr;1652105416,908;0,05382563
E4_Gsr;1652105417,158;0,04998094
E4_Gsr;1652105417,408;0,04998094
E4_Gsr;1652105417,658;0,04998094
E4_Gsr;1652105417,908;0,04998094
E4_Gsr;1652105418,158;0,05254406
E4_Bvp;1652105418,43004;-12,05571
E4_Bvp;1652105418,44566;-13,9634
E4_Bvp;1652105418,46129;-15,88781
E4_Bvp;1652105418,47691;-17,75095
E4_Bvp;1652105418,49254;-19,43068
E4_Bvp;1652105418,50817;-20,81714
E4_Bvp;1652105418,52379;-21,87805
E4_Bvp;1652105418,53942;-22,75526
E4_Bvp;1652105418,55504;-23,69866
E4_Bvp;1652105418,57067;-24,99133
E4_Bvp;1652105418,58629;-26,74294
E4_Bvp;1652105418,60192;-28,81267
E4_Bvp;1652105418,61755;-30,76201
E4_Bvp;1652105418,63317;-31,92967
E4_Bvp;1652105418,6488;-31,67336
E4_Bvp;1652105418,66442;-29,51144
E4_Bvp;1652105418,68005;-25,35445
E4_Bvp;1652105418,69567;-19,51623
E4_Bvp;1652105418,7113;-12,68394
E4_Bvp;1652105418,72693;-5,740602
E4_Bvp;1652105418,74255;0,4813862
E4_Bvp;1652105418,75818;5,37549
ManipulatedHR;1652105413,12269;91.89391
E4_Bvp;1652105418,7738;8,712902
E4_Hr;1652105413,12269;57,31078
E4_Ibi;1652105413,12269;1,046923
E4_Bvp;1652105418,78943;10,60548
E4_Bvp;1652105418,80505;11,38666
E4_Bvp;1652105418,82068;11,39951
E4_Bvp;1652105418,83631;10,96509
E4_Bvp;1652105418,85193;10,32768
E4_Bvp;1652105418,86756;9,66873
E4_Bvp;1652105418,88318;9,167395
E4_Bvp;1652105418,89881;8,998337
E4_Bvp;1652105418,91443;9,244728
E4_Bvp;1652105418,93006;9,915411
E4_Bvp;1652105418,94569;10,9052
E4_Bvp;1652105418,96131;12,06328
E4_Bvp;1652105418,97694;13,27235
E4_Bvp;1652105418,99256;14,46239
E4_Bvp;1652105419,00819;15,59272
E4_Bvp;1652105419,02381;16,60451
E4_Bvp;1652105419,03944;17,36433
E4_Bvp;1652105419,05507;17,70556
E4_Bvp;1652105419,07069;17,48293
E4_Bvp;1652105419,08632;16,6425
E4_Bvp;1652105419,10194;15,23963
E4_Bvp;1652105419,11757;13,44765
E4_Bvp;1652105419,13319;11,47723
E4_Bvp;1652105419,14882;9,503706
E4_Bvp;1652105419,16445;7,679726
E4_Bvp;1652105419,18007;6,109324
E4_Bvp;1652105419,1957;4,840851
E4_Bvp;1652105419,21132;3,89324
E4_Bvp;1652105419,22695;3,250807
E4_Bvp;1652105419,24257;2,851503
E4_Bvp;1652105419,2582;2,614124
E4_Bvp;1652105419,27383;2,440397
E4_Bvp;1652105419,28945;2,20657
E4_Bvp;1652105419,30508;1,808878
E4_Bvp;1652105419,3207;1,14855
E4_Bvp;1652105419,33633;0,1800098
E4_Bvp;1652105419,35195;-1,048262
E4_Bvp;1652105419,36758;-2,426165
E4_Bvp;1652105419,38321;-3,812786
E4_Bvp;1652105419,39883;-5,077967
E4_Bvp;1652105419,41446;-6,167566
E4_Bvp;1652105419,43008;-7,126759
E4_Bvp;1652105419,44571;-8,080627
E4_Bvp;1652105419,46133;-9,130714
E4_Bvp;1652105419,47696;-10,32526
E4_Bvp;1652105419,49259;-11,64486
E4_Bvp;1652105419,50821;-13,03522
E4_Bvp;1652105419,52384;-14,46667
E4_Bvp;1652105419,53946;-15,967
E4_Bvp;1652105419,55509;-17,5981
E4_Bvp;1652105419,57071;-19,42775
E4_Bvp;1652105419,58634;-21,49404
E4_Bvp;1652105419,60197;-23,76571
E4_Bvp;1652105419,61759;-26,12284
E4_Bvp;1652105419,63322;-28,32331
E4_Bvp;1652105419,64884;-30,01031
E4_Bvp;1652105419,66447;-30,73771
E4_Bvp;1652105419,68009;-30,09866
E4_Bvp;1652105419,69572;-27,8133
E4_Bvp;1652105419,71135;-23,90662
E4_Bvp;1652105419,72697;-18,69968
E4_Bvp;1652105419,7426;-12,73457
E4_Bvp;1652105419,75822;-6,647221
E4_Bvp;1652105419,77385;-0,9528923
E4_Bvp;1652105419,78947;3,991318
E4_Gsr;1652105418,408;0,04998094
E4_Gsr;1652105418,658;0,05382563
E4_Gsr;1652105418,908;0,05382563
E4_Gsr;1652105419,158;0,05382563
E4_Gsr;1652105419,408;0,05254406
E4_Gsr;1652105419,658;0,05382563
ManipulatedHR;1652105414,15399;83.08233
E4_Bvp;1652105419,8051;8,023851
E4_Hr;1652105414,15399;58,17913
E4_Ibi;1652105414,15399;1,031298
E4_Bvp;1652105419,82073;11,07373
E4_Bvp;1652105419,83635;13,14695
E4_Bvp;1652105419,85198;14,27182
E4_Bvp;1652105419,8676;14,50102
E4_Bvp;1652105419,88323;13,97811
E4_Bvp;1652105419,89886;12,92524
E4_Bvp;1652105419,91448;11,6725
E4_Bvp;1652105419,93011;10,55707
E4_Bvp;1652105419,94573;9,887684
E4_Bvp;1652105419,96136;9,849054
E4_Bvp;1652105419,97698;10,48848
E4_Bvp;1652105419,99261;11,70073
E4_Bvp;1652105420,00824;13,28563
E4_Bvp;1652105420,02386;15,01368
E4_Bvp;1652105420,03949;16,66821
E4_Bvp;1652105420,05511;18,10606
E4_Bvp;1652105420,07074;19,19565
E4_Bvp;1652105420,08636;19,82013
E4_Bvp;1652105420,10199;19,85659
E4_Bvp;1652105420,11762;19,19845
E4_Bvp;1652105420,13324;17,85711
E4_Bvp;1652105420,14887;15,97358
E4_Bvp;1652105420,16449;13,83794
E4_Bvp;1652105420,18012;11,7811
E4_Bvp;1652105420,19574;10,05858
E4_Bvp;1652105420,21137;8,769089
E4_Bvp;1652105420,227;7,831455
E4_Bvp;1652105420,24262;7,079414
E4_Bvp;1652105420,25825;6,338924
E4_Bvp;1652105420,27387;5,521049
E4_Bvp;1652105420,2895;4,655407
E4_Bvp;1652105420,30512;3,847179
E4_Bvp;1652105420,32075;3,166122
E4_Bvp;1652105420,33638;2,651871
E4_Bvp;1652105420,352;2,227974
E4_Bvp;1652105420,36763;1,764355
E4_Bvp;1652105420,38325;1,122307
E4_Bvp;1652105420,39888;0,1857452
E4_Bvp;1652105420,4145;-1,08445
E4_Bvp;1652105420,43013;-2,662083
E4_Bvp;1652105420,44576;-4,462448
E4_Bvp;1652105420,46138;-6,385536
E4_Bvp;1652105420,47701;-8,323864
E4_Bvp;1652105420,49263;-10,2179
E4_Bvp;1652105420,50826;-12,05196
E4_Bvp;1652105420,52388;-13,82496
E4_Bvp;1652105420,53951;-15,59131
E4_Bvp;1652105420,55514;-17,40763
E4_Bvp;1652105420,57076;-19,31226
E4_Bvp;1652105420,58639;-21,27867
E4_Bvp;1652105420,60201;-23,15684
E4_Bvp;1652105420,61764;-24,63405
E4_Bvp;1652105420,63326;-25,26207
E4_Bvp;1652105420,64889;-24,60222
ManipulatedHR;1652105415,18529;60.84254
E4_Bvp;1652105420,66452;-22,31302
E4_Bvp;1652105420,68014;-18,3742
E4_Bvp;1652105420,69577;-13,09937
E4_Bvp;1652105420,71139;-7,077156
E4_Bvp;1652105420,72702;-1,053268
E4_Bvp;1652105420,74264;4,274593
E4_Bvp;1652105420,75827;8,443764
E4_Hr;1652105415,18529;58,17912
E4_Ibi;1652105415,18529;1,031298
E4_Bvp;1652105420,7739;11,28957
E4_Bvp;1652105420,78952;12,88072
E4_Bvp;1652105420,80515;13,47156
E4_Bvp;1652105420,82077;13,32542
E4_Bvp;1652105420,8364;12,67268
E4_Bvp;1652105420,85202;11,72372
E4_Bvp;1652105420,86765;10,6766
E4_Bvp;1652105420,88328;9,725529
E4_Bvp;1652105420,8989;9,093357
E4_Bvp;1652105420,91453;8,9697
E4_Bvp;1652105420,93015;9,436436
E4_Bvp;1652105420,94578;10,47247
E4_Bvp;1652105420,9614;11,94635
E4_Bvp;1652105420,97703;13,68388
E4_Bvp;1652105420,99266;15,49343
E4_Bvp;1652105421,00828;17,20317
E4_Bvp;1652105421,02391;18,67941
E4_Bvp;1652105421,03953;19,76084
E4_Bvp;1652105421,05516;20,29966
E4_Bvp;1652105421,07078;20,13126
E4_Bvp;1652105421,08641;19,18438
E4_Bvp;1652105421,10204;17,50531
E4_Bvp;1652105421,11766;15,29163
E4_Bvp;1652105421,13329;12,84635
E4_Bvp;1652105421,14891;10,46923
E4_Bvp;1652105421,16454;8,388428
E4_Bvp;1652105421,18016;6,689377
E4_Bvp;1652105421,19579;5,347237
E4_Bvp;1652105421,21142;4,247524
E4_Bvp;1652105421,22704;3,294327
E4_Bvp;1652105421,24267;2,397209
E4_Bvp;1652105421,25829;1,489723
E4_Bvp;1652105421,27392;0,5592079
E4_Bvp;1652105421,28954;-0,3932343
E4_Bvp;1652105421,30517;-1,340508
E4_Bvp;1652105421,3208;-2,239994
E4_Bvp;1652105421,33642;-3,049805
E4_Gsr;1652105419,908;0,05382563
E4_Gsr;1652105420,158;0,05382563
E4_Gsr;1652105420,408;0,05382563
E4_Gsr;1652105420,658;0,04998094
E4_Gsr;1652105420,908;0,04998094
E4_Gsr;1652105421,158;0,04998094
E4_Bvp;1652105421,35205;-3,804321
E4_Bvp;1652105421,36767;-4,584963
E4_Bvp;1652105421,3833;-5,552582
E4_Bvp;1652105421,39892;-6,85854
E4_Bvp;1652105421,41455;-8,5746
E4_Bvp;1652105421,43018;-10,65513
E4_Bvp;1652105421,4458;-12,9373
E4_Bvp;1652105421,46143;-15,25212
E4_Bvp;1652105421,47705;-17,44121
E4_Bvp;1652105421,49268;-19,46036
E4_Bvp;1652105421,5083;-21,33684
E4_Bvp;1652105421,52393;-23,1794
E4_Bvp;1652105421,53956;-25,14886
E4_Bvp;1652105421,55518;-27,37242
E4_Bvp;1652105421,57081;-29,8738
E4_Bvp;1652105421,58643;-32,41438
E4_Bvp;1652105421,60206;-34,53429
E4_Bvp;1652105421,61768;-35,55476
E4_Bvp;1652105421,63331;-34,83495
E4_Bvp;1652105421,64894;-31,98211
E4_Bvp;1652105421,66456;-27,03256
E4_Bvp;1652105421,68019;-20,50946
ManipulatedHR;1652105416,13846;93.7431
E4_Bvp;1652105421,69581;-13,21278
E4_Bvp;1652105421,71144;-6,047338
E4_Bvp;1652105421,72706;0,2731571
E4_Bvp;1652105421,74269;5,280014
E4_Bvp;1652105421,75832;8,83812
E4_Hr;1652105416,13846;62,94791
E4_Ibi;1652105416,13846;0,9531691
E4_Bvp;1652105421,77394;11,01057
E4_Bvp;1652105421,78957;12,04269
E4_Bvp;1652105421,80519;12,29015
E4_Bvp;1652105421,82082;12,12329
E4_Bvp;1652105421,83644;11,89926
E4_Bvp;1652105421,85207;11,85222
E4_Bvp;1652105421,8677;12,08216
E4_Bvp;1652105421,88332;12,53106
E4_Bvp;1652105421,89895;13,13781
E4_Bvp;1652105421,91457;13,81307
E4_Bvp;1652105421,9302;14,56062
E4_Bvp;1652105421,94582;15,45012
E4_Bvp;1652105421,96145;16,51915
E4_Bvp;1652105421,97708;17,76393
E4_Bvp;1652105421,9927;19,05973
E4_Bvp;1652105422,00833;20,25521
E4_Bvp;1652105422,02395;21,16004
E4_Bvp;1652105422,03958;21,70061
E4_Bvp;1652105422,05521;21,82056
E4_Bvp;1652105422,07083;21,51084
E4_Bvp;1652105422,08646;20,75
E4_Bvp;1652105422,10208;19,46228
E4_Bvp;1652105422,11771;17,67319
E4_Bvp;1652105422,13333;15,47185
E4_Bvp;1652105422,14896;13,11084
E4_Bvp;1652105422,16459;10,88728
E4_Bvp;1652105422,18021;9,079071
E4_Bvp;1652105422,19584;7,836113
E4_Bvp;1652105422,21146;7,112103
E4_Bvp;1652105422,22709;6,758869
E4_Bvp;1652105422,24271;6,514647
E4_Bvp;1652105422,25834;6,211821
E4_Bvp;1652105422,27397;5,710381
E4_Bvp;1652105422,28959;4,947256
E4_Bvp;1652105422,30522;3,907482
E4_Bvp;1652105422,32084;2,628799
E4_Bvp;1652105422,33647;1,161938
E4_Bvp;1652105422,35209;-0,4039593
E4_Bvp;1652105422,36772;-1,972366
E4_Bvp;1652105422,38335;-3,527569
E4_Bvp;1652105422,39897;-5,046886
E4_Bvp;1652105422,4146;-6,57131
E4_Bvp;1652105422,43022;-8,120813
E4_Bvp;1652105422,44585;-9,720974
E4_Bvp;1652105422,46147;-11,37804
E4_Bvp;1652105422,4771;-13,08153
E4_Bvp;1652105422,49273;-14,83622
E4_Bvp;1652105422,50835;-16,61031
E4_Bvp;1652105422,52398;-18,39145
E4_Bvp;1652105422,5396;-20,12528
E4_Bvp;1652105422,55523;-21,8157
E4_Bvp;1652105422,57085;-23,4583
E4_Bvp;1652105422,58648;-25,13012
E4_Bvp;1652105422,60211;-26,95543
E4_Bvp;1652105422,61773;-29,02786
E4_Bvp;1652105422,63336;-31,31533
E4_Bvp;1652105422,64898;-33,54411
E4_Bvp;1652105422,66461;-35,22089
E4_Bvp;1652105422,68023;-35,74534
E4_Bvp;1652105422,69586;-34,60678
E4_Bvp;1652105422,71149;-31,53624
ManipulatedHR;1652105417,1385;110.313
E4_Bvp;1652105422,72711;-26,61586
E4_Bvp;1652105422,74274;-20,30459
E4_Bvp;1652105422,75836;-13,30717
E4_Bvp;1652105422,77399;-6,363512
E4_Bvp;1652105422,78961;-0,1144981
E4_Bvp;1652105422,80524;5,022184
E4_Bvp;1652105422,82087;8,878403
E4_Hr;1652105417,1385;59,99723
E4_Ibi;1652105417,1385;1,000046
E4_Bvp;1652105422,83649;11,49131
E4_Bvp;1652105422,85212;13,02968
E4_Bvp;1652105422,86774;13,76856
E4_Bvp;1652105422,88337;13,95393
E4_Gsr;1652105421,408;0,05126251
E4_Gsr;1652105421,658;0,04998094
E4_Gsr;1652105421,908;0,05254406
E4_Gsr;1652105422,158;0,05254406
E4_Gsr;1652105422,408;0,05382563
E4_Gsr;1652105422,658;0,05254406
E4_Bvp;1652105422,89899;13,82403
E4_Bvp;1652105422,91462;13,55309
E4_Bvp;1652105422,93025;13,30285
E4_Bvp;1652105422,94587;13,20906
E4_Bvp;1652105422,9615;13,41391
E4_Bvp;1652105422,97712;13,99059
E4_Bvp;1652105422,99275;14,93989
E4_Bvp;1652105423,00837;16,18049
E4_Bvp;1652105423,024;17,53049
E4_Bvp;1652105423,03963;18,81119
E4_Bvp;1652105423,05525;19,82164
E4_Bvp;1652105423,07088;20,45333
E4_Bvp;1652105423,0865;20,6326
E4_Bvp;1652105423,10213;20,36856
E4_Bvp;1652105423,11775;19,72591
E4_Bvp;1652105423,13338;18,79978
E4_Bvp;1652105423,14901;17,6784
E4_Bvp;1652105423,16463;16,38453
E4_Bvp;1652105423,18026;14,95395
E4_Bvp;1652105423,19588;13,40807
E4_Bvp;1652105423,21151;11,81988
E4_Bvp;1652105423,22713;10,29346
E4_Bvp;1652105423,24276;8,975914
E4_Bvp;1652105423,25839;7,963604
E4_Bvp;1652105423,27401;7,255333
E4_Bvp;1652105423,28964;6,773472
E4_Bvp;1652105423,30526;6,381325
E4_Bvp;1652105423,32089;5,985622
E4_Bvp;1652105423,33651;5,535881
E4_Bvp;1652105423,35214;5,054043
E4_Bvp;1652105423,36777;4,569454
E4_Bvp;1652105423,38339;4,063416
E4_Bvp;1652105423,39902;3,493614
E4_Bvp;1652105423,41464;2,800102
E4_Bvp;1652105423,43027;1,983681
E4_Bvp;1652105423,44589;1,087145
E4_Bvp;1652105423,46152;0,173521
E4_Bvp;1652105423,47715;-0,7678528
E4_Bvp;1652105423,49277;-1,790203
E4_Bvp;1652105423,5084;-3,00437
E4_Bvp;1652105423,52402;-4,46771
E4_Bvp;1652105423,53965;-6,122272
E4_Bvp;1652105423,55527;-7,823214
E4_Bvp;1652105423,5709;-9,369629
E4_Bvp;1652105423,58653;-10,634
E4_Bvp;1652105423,60215;-11,62046
E4_Bvp;1652105423,61778;-12,49417
E4_Bvp;1652105423,6334;-13,46952
E4_Bvp;1652105423,64903;-14,78347
E4_Bvp;1652105423,66465;-16,56241
E4_Bvp;1652105423,68028;-18,78521
E4_Bvp;1652105423,69591;-21,28491
E4_Bvp;1652105423,71153;-23,7411
E4_Bvp;1652105423,72716;-25,73351
E4_Bvp;1652105423,74278;-26,80521
ManipulatedHR;1652105418,20105;106.8759
E4_Bvp;1652105423,75841;-26,54492
E4_Bvp;1652105423,77403;-24,6854
E4_Bvp;1652105423,78966;-21,18089
E4_Bvp;1652105423,80529;-16,24176
E4_Bvp;1652105423,82091;-10,30325
E4_Bvp;1652105423,83654;-3,96487
E4_Bvp;1652105423,85216;2,121603
E4_Bvp;1652105423,86779;7,381315
E4_Hr;1652105418,20105;56,46798
E4_Ibi;1652105418,20105;1,062549
E4_Bvp;1652105423,88341;11,40778
E4_Bvp;1652105423,89904;14,05142
E4_Bvp;1652105423,91467;15,3851
E4_Bvp;1652105423,93029;15,65455
E4_Bvp;1652105423,94592;15,16049
E4_Bvp;1652105423,96154;14,1945
E4_Bvp;1652105423,97717;13,00916
E4_Bvp;1652105423,99279;11,8418
E4_Bvp;1652105424,00842;10,90709
E4_Bvp;1652105424,02405;10,3949
E4_Bvp;1652105424,03967;10,42088
E4_Bvp;1652105424,0553;10,97894
E4_Bvp;1652105424,07092;11,97782
E4_Bvp;1652105424,08655;13,26419
E4_Bvp;1652105424,10217;14,66184
E4_Bvp;1652105424,1178;16,01064
E4_Bvp;1652105424,13343;17,19867
E4_Bvp;1652105424,14905;18,08167
E4_Bvp;1652105424,16468;18,53646
E4_Bvp;1652105424,1803;18,44873
E4_Bvp;1652105424,19593;17,7537
E4_Bvp;1652105424,21155;16,46898
E4_Bvp;1652105424,22718;14,74911
E4_Bvp;1652105424,24281;12,7916
E4_Bvp;1652105424,25843;10,83486
E4_Bvp;1652105424,27406;9,077652
E4_Bvp;1652105424,28968;7,613851
E4_Bvp;1652105424,30531;6,467414
E4_Bvp;1652105424,32094;5,55959
E4_Bvp;1652105424,33656;4,799813
E4_Bvp;1652105424,35219;4,097389
E4_Bvp;1652105424,36781;3,44061
E4_Bvp;1652105424,38344;2,843655
E4_Bvp;1652105424,39906;2,367189
E4_Bvp;1652105424,41469;2,042696
E4_Bvp;1652105424,43032;1,837628
E4_Gsr;1652105422,908;0,05382563
E4_Gsr;1652105423,158;0,05254406
E4_Gsr;1652105423,408;0,05382563
E4_Gsr;1652105423,658;0,04998094
E4_Gsr;1652105423,908;0,04998094
E4_Gsr;1652105424,158;0,05510719
E4_Bvp;1652105424,44594;1,717417
E4_Bvp;1652105424,46157;1,562632
E4_Bvp;1652105424,47719;1,272756
E4_Bvp;1652105424,49282;0,7490951
E4_Bvp;1652105424,50844;-0,07172479
E4_Bvp;1652105424,52407;-1,242091
E4_Bvp;1652105424,5397;-2,733568
E4_Bvp;1652105424,55532;-4,51261
E4_Bvp;1652105424,57095;-6,52284
E4_Bvp;1652105424,58657;-8,690847
E4_Bvp;1652105424,6022;-10,9528
E4_Bvp;1652105424,61782;-13,24264
E4_Bvp;1652105424,63345;-15,43385
E4_Bvp;1652105424,64908;-17,43658
E4_Bvp;1652105424,6647;-19,20366
E4_Bvp;1652105424,68033;-20,82623
E4_Bvp;1652105424,69595;-22,50708
E4_Bvp;1652105424,71158;-24,47668
E4_Bvp;1652105424,7272;-26,76708
E4_Bvp;1652105424,74283;-29,15767
E4_Bvp;1652105424,75846;-31,10594
E4_Bvp;1652105424,77408;-31,90954
ManipulatedHR;1652105419,24798;75.24812
E4_Bvp;1652105424,78971;-30,97219
E4_Bvp;1652105424,80533;-28,01529
E4_Bvp;1652105424,82096;-23,20346
E4_Bvp;1652105424,83658;-17,0626
E4_Bvp;1652105424,85221;-10,36249
E4_Bvp;1652105424,86784;-3,844496
E4_Bvp;1652105424,88346;1,861093
E4_Bvp;1652105424,89909;6,332072
E4_Bvp;1652105424,91471;9,365845
E4_Hr;1652105419,24798;57,31077
E4_Ibi;1652105419,24798;1,046924
E4_Bvp;1652105424,93034;10,95674
E4_Bvp;1652105424,94596;11,31764
E4_Bvp;1652105424,96159;10,81144
E4_Bvp;1652105424,97722;9,898293
E4_Bvp;1652105424,99284;8,985987
E4_Bvp;1652105425,00847;8,34687
E4_Bvp;1652105425,02409;8,098339
E4_Bvp;1652105425,03972;8,230206
E4_Bvp;1652105425,05534;8,692358
E4_Bvp;1652105425,07097;9,427502
E4_Bvp;1652105425,0866;10,40691
E4_Bvp;1652105425,10222;11,60607
E4_Bvp;1652105425,11785;12,92664
E4_Bvp;1652105425,13347;14,23674
E4_Bvp;1652105425,1491;15,36743
E4_Bvp;1652105425,16472;16,18501
E4_Bvp;1652105425,18035;16,65634
E4_Bvp;1652105425,19598;16,82396
E4_Bvp;1652105425,2116;16,72229
E4_Bvp;1652105425,22723;16,38945
E4_Bvp;1652105425,24285;15,81054
E4_Bvp;1652105425,25848;14,95185
E4_Bvp;1652105425,2741;13,80125
E4_Bvp;1652105425,28973;12,39178
E4_Bvp;1652105425,30536;10,80393
E4_Bvp;1652105425,32098;9,150423
E4_Bvp;1652105425,33661;7,554146
E4_Bvp;1652105425,35223;6,088982
E4_Bvp;1652105425,36786;4,800722
E4_Bvp;1652105425,38348;3,711021
E4_Bvp;1652105425,39911;2,813425
E4_Bvp;1652105425,41474;2,118286
E4_Bvp;1652105425,43036;1,616508
E4_Bvp;1652105425,44599;1,301956
E4_Bvp;1652105425,46161;1,102966
E4_Bvp;1652105425,47724;0,9409637
E4_Bvp;1652105425,49286;0,729393
E4_Bvp;1652105425,50849;0,3768578
E4_Bvp;1652105425,52412;-0,1914368
E4_Bvp;1652105425,53974;-1,055088
E4_Bvp;1652105425,55537;-2,271976
E4_Bvp;1652105425,57099;-3,901722
E4_Bvp;1652105425,58662;-5,963146
E4_Bvp;1652105425,60224;-8,403141
E4_Bvp;1652105425,61787;-11,09295
E4_Bvp;1652105425,6335;-13,7859
E4_Bvp;1652105425,64912;-16,22229
E4_Bvp;1652105425,66475;-18,24548
E4_Bvp;1652105425,68037;-19,80887
E4_Bvp;1652105425,696;-21,05373
E4_Bvp;1652105425,71162;-22,21474
E4_Bvp;1652105425,72725;-23,54118
E4_Bvp;1652105425,74288;-25,18966
E4_Bvp;1652105425,7585;-27,151
E4_Bvp;1652105425,77413;-29,21102
E4_Bvp;1652105425,78975;-31,00687
E4_Bvp;1652105425,80538;-32,10505
E4_Gsr;1652105424,408;0,04998094
E4_Gsr;1652105424,658;0,05126251
E4_Gsr;1652105424,908;0,05254406
E4_Gsr;1652105425,158;0,05382563
E4_Gsr;1652105425,408;0,05254406
E4_Gsr;1652105425,658;0,05510719
ManipulatedHR;1652105420,2949;99.18971
E4_Bvp;1652105425,821;-32,10558
E4_Bvp;1652105425,83663;-30,74854
E4_Bvp;1652105425,85226;-27,92516
E4_Bvp;1652105425,86788;-23,71644
E4_Bvp;1652105425,88351;-18,36638
E4_Bvp;1652105425,89913;-12,29165
E4_Bvp;1652105425,91476;-6,057404
E4_Bvp;1652105425,93038;-0,3106003
E4_Bvp;1652105425,94601;4,351879
E4_Bvp;1652105425,96164;7,579834
E4_Hr;1652105420,2949;57,31078
E4_Ibi;1652105420,2949;1,046923
E4_Bvp;1652105425,97726;9,325813
E4_Bvp;1652105425,99289;9,877102
E4_Bvp;1652105426,00851;9,725464
E4_Bvp;1652105426,02414;9,355534
E4_Bvp;1652105426,03976;9,070866
E4_Bvp;1652105426,05539;8,931313
E4_Bvp;1652105426,07102;8,858864
E4_Bvp;1652105426,08664;8,757961
E4_Bvp;1652105426,10227;8,703991
E4_Bvp;1652105426,11789;8,855999
E4_Bvp;1652105426,13352;9,394855
E4_Bvp;1652105426,14914;10,40481
E4_Bvp;1652105426,16477;11,7605
E4_Bvp;1652105426,1804;13,21466
E4_Bvp;1652105426,19602;14,47373
E4_Bvp;1652105426,21165;15,3845
E4_Bvp;1652105426,22727;15,88828
E4_Bvp;1652105426,2429;16,08422
E4_Bvp;1652105426,25852;16,01305
E4_Bvp;1652105426,27415;15,62595
E4_Bvp;1652105426,28978;14,77486
E4_Bvp;1652105426,3054;13,31435
E4_Bvp;1652105426,32103;11,27147
E4_Bvp;1652105426,33665;8,899834
E4_Bvp;1652105426,35228;6,659122
E4_Bvp;1652105426,3679;4,968391
E4_Bvp;1652105426,38353;4,087074
E4_Bvp;1652105426,39916;3,949535
E4_Bvp;1652105426,41478;4,224411
E4_Bvp;1652105426,43041;4,513447
E4_Bvp;1652105426,44603;4,509411
E4_Bvp;1652105426,46166;4,153553
E4_Bvp;1652105426,47728;3,584961
E4_Bvp;1652105426,49291;3,010677
E4_Bvp;1652105426,50854;2,573559
E4_Bvp;1652105426,52416;2,29369
E4_Bvp;1652105426,53979;2,059799
E4_Bvp;1652105426,55541;1,735924
E4_Bvp;1652105426,57104;1,266071
E4_Bvp;1652105426,58666;0,6100616
E4_Bvp;1652105426,60229;-0,2182884
E4_Bvp;1652105426,61792;-1,247768
E4_Bvp;1652105426,63354;-2,521618
E4_Bvp;1652105426,64917;-4,077511
E4_Bvp;1652105426,66479;-5,849918
E4_Bvp;1652105426,68042;-7,714939
E4_Bvp;1652105426,69604;-9,500664
E4_Bvp;1652105426,71167;-11,0668
E4_Bvp;1652105426,7273;-12,47154
E4_Bvp;1652105426,74292;-13,89434
E4_Bvp;1652105426,75855;-15,57663
E4_Bvp;1652105426,77417;-17,67864
E4_Bvp;1652105426,7898;-20,14651
E4_Bvp;1652105426,80542;-22,63832
E4_Bvp;1652105426,82105;-24,63385
E4_Bvp;1652105426,83668;-25,52513
ManipulatedHR;1652105421,34182;74.20381
E4_Bvp;1652105426,8523;-24,82867
E4_Bvp;1652105426,86793;-22,34087
E4_Bvp;1652105426,88355;-18,19395
E4_Bvp;1652105426,89918;-12,81862
E4_Bvp;1652105426,91481;-6,824821
E4_Bvp;1652105426,93043;-0,8804703
E4_Bvp;1652105426,94606;4,448235
E4_Bvp;1652105426,96168;8,754036
E4_Hr;1652105421,34182;57,31078
E4_Ibi;1652105421,34182;1,046923
E4_Bvp;1652105426,97731;11,84682
E4_Bvp;1652105426,99293;13,72793
E4_Bvp;1652105427,00856;14,51445
E4_Bvp;1652105427,02419;14,42658
E4_Bvp;1652105427,03981;13,6748
E4_Bvp;1652105427,05544;12,47616
E4_Bvp;1652105427,07106;11,04794
E4_Bvp;1652105427,08669;9,598793
E4_Bvp;1652105427,10231;8,37933
E4_Bvp;1652105427,11794;7,658875
E4_Bvp;1652105427,13357;7,64764
E4_Bvp;1652105427,14919;8,407742
E4_Bvp;1652105427,16482;9,827778
E4_Bvp;1652105427,18044;11,57764
E4_Bvp;1652105427,19607;13,24187
E4_Bvp;1652105427,21169;14,46666
E4_Bvp;1652105427,22732;15,08805
E4_Bvp;1652105427,24295;15,13998
E4_Bvp;1652105427,25857;14,81049
E4_Bvp;1652105427,2742;14,28854
E4_Bvp;1652105427,28982;13,66399
E4_Bvp;1652105427,30545;12,91217
E4_Bvp;1652105427,32107;11,92593
E4_Bvp;1652105427,3367;10,64809
E4_Bvp;1652105427,35233;9,121498
E4_Gsr;1652105425,908;0,05510719
E4_Gsr;1652105426,158;0,05382563
E4_Gsr;1652105426,408;0,05254406
E4_Gsr;1652105426,658;0,04998094
E4_Gsr;1652105426,908;0,05126251
E4_Gsr;1652105427,158;0,05126251
E4_Bvp;1652105427,36795;7,513672
E4_Bvp;1652105427,38358;6,010338
E4_Bvp;1652105427,3992;4,732086
E4_Bvp;1652105427,41483;3,694237
E4_Bvp;1652105427,43045;2,802795
E4_Bvp;1652105427,44608;1,960289
E4_Bvp;1652105427,46171;1,095551
E4_Bvp;1652105427,47733;0,2281036
E4_Bvp;1652105427,49296;-0,5723877
E4_Bvp;1652105427,50858;-1,257706
E4_Bvp;1652105427,52421;-1,855438
E4_Bvp;1652105427,53983;-2,471031
E4_Bvp;1652105427,55546;-3,234894
E4_Bvp;1652105427,57109;-4,246773
E4_Bvp;1652105427,58671;-5,510582
E4_Bvp;1652105427,60234;-6,999817
E4_Bvp;1652105427,61796;-8,638077
E4_Bvp;1652105427,63359;-10,36147
E4_Bvp;1652105427,64921;-12,12785
E4_Bvp;1652105427,66484;-13,89619
E4_Bvp;1652105427,68047;-15,60088
E4_Bvp;1652105427,69609;-17,1752
E4_Bvp;1652105427,71172;-18,61658
E4_Bvp;1652105427,72734;-19,99152
E4_Bvp;1652105427,74297;-21,44425
E4_Bvp;1652105427,75859;-23,0827
E4_Bvp;1652105427,77422;-24,85153
E4_Bvp;1652105427,78985;-26,43155
E4_Bvp;1652105427,80547;-27,29502
E4_Bvp;1652105427,8211;-26,81648
E4_Bvp;1652105427,83672;-24,56242
E4_Bvp;1652105427,85235;-20,50084
E4_Bvp;1652105427,86797;-15,0069
ManipulatedHR;1652105422,34187;90.08984
E4_Bvp;1652105427,8836;-8,802284
E4_Bvp;1652105427,89923;-2,710487
E4_Bvp;1652105427,91485;2,576065
E4_Bvp;1652105427,93048;6,658073
E4_Hr;1652105422,34187;59,99721
E4_Ibi;1652105422,34187;1,000046
E4_Bvp;1652105427,9461;9,403679
E4_Bvp;1652105427,96173;10,91787
E4_Bvp;1652105427,97735;11,42139
E4_Bvp;1652105427,99298;11,1588
E4_Bvp;1652105428,00861;10,4259
E4_Bvp;1652105428,02423;9,551407
E4_Bvp;1652105428,03986;8,832108
E4_Bvp;1652105428,05548;8,496437
E4_Bvp;1652105428,07111;8,614815
E4_Bvp;1652105428,08673;9,09481
E4_Bvp;1652105428,10236;9,772911
E4_Bvp;1652105428,11799;10,50612
E4_Bvp;1652105428,13361;11,25569
E4_Bvp;1652105428,14924;12,07957
E4_Bvp;1652105428,16486;13,0591
E4_Bvp;1652105428,18049;14,16724
E4_Bvp;1652105428,19611;15,27932
E4_Bvp;1652105428,21174;16,20187
E4_Bvp;1652105428,22737;16,72202
E4_Bvp;1652105428,24299;16,74022
E4_Bvp;1652105428,25862;16,28856
E4_Bvp;1652105428,27424;15,46
E4_Bvp;1652105428,28987;14,37405
E4_Bvp;1652105428,30549;13,08765
E4_Bvp;1652105428,32112;11,63137
E4_Bvp;1652105428,33675;10,04843
E4_Bvp;1652105428,35237;8,430099
E4_Bvp;1652105428,368;6,89476
E4_Bvp;1652105428,38362;5,526672
E4_Bvp;1652105428,39925;4,347832
E4_Bvp;1652105428,41487;3,234276
E4_Bvp;1652105428,4305;2,077759
E4_Bvp;1652105428,44613;0,7978134
E4_Bvp;1652105428,46175;-0,5664215
E4_Bvp;1652105428,47738;-1,837265
E4_Bvp;1652105428,493;-2,784058
E4_Bvp;1652105428,50863;-3,255219
E4_Bvp;1652105428,52425;-3,30616
E4_Bvp;1652105428,53988;-3,1922
E4_Bvp;1652105428,55551;-3,31337
E4_Bvp;1652105428,57113;-4,001602
E4_Bvp;1652105428,58676;-5,383896
E4_Bvp;1652105428,60238;-7,326668
E4_Bvp;1652105428,61801;-9,537338
E4_Bvp;1652105428,63363;-11,66575
E4_Bvp;1652105428,64926;-13,48573
E4_Bvp;1652105428,66489;-14,93217
E4_Bvp;1652105428,68051;-16,11086
E4_Bvp;1652105428,69614;-17,20511
E4_Bvp;1652105428,71176;-18,40074
E4_Bvp;1652105428,72739;-19,81673
E4_Bvp;1652105428,74301;-21,51342
E4_Bvp;1652105428,75864;-23,44051
E4_Bvp;1652105428,77427;-25,411
E4_Bvp;1652105428,78989;-27,067
E4_Bvp;1652105428,80552;-27,91576
E4_Bvp;1652105428,82114;-27,4645
E4_Bvp;1652105428,83677;-25,38007
E4_Bvp;1652105428,85239;-21,64453
E4_Bvp;1652105428,86802;-16,54957
E4_Bvp;1652105428,88365;-10,68781
E4_Bvp;1652105428,89927;-4,746063
E4_Gsr;1652105427,408;0,05126251
E4_Gsr;1652105427,658;0,05126251
E4_Gsr;1652105427,908;0,05510719
E4_Gsr;1652105428,158;0,05254406
E4_Gsr;1652105428,408;0,05254406
E4_Gsr;1652105428,658;0,05254406
ManipulatedHR;1652105423,31067;106.0426
E4_Bvp;1652105428,9149;0,6138077
E4_Bvp;1652105428,93052;4,941147
E4_Bvp;1652105428,94615;8,011368
E4_Hr;1652105423,31067;61,93262
E4_Ibi;1652105423,31067;0,9687948
E4_Bvp;1652105428,96177;9,832512
E4_Bvp;1652105428,9774;10,58146
E4_Bvp;1652105428,99303;10,5043
E4_Bvp;1652105429,00865;9,903938
E4_Bvp;1652105429,02428;9,040543
E4_Bvp;1652105429,0399;8,1558
E4_Bvp;1652105429,05553;7,44693
E4_Bvp;1652105429,07115;7,076614
E4_Bvp;1652105429,08678;7,166306
E4_Bvp;1652105429,10241;7,762642
E4_Bvp;1652105429,11803;8,816895
E4_Bvp;1652105429,13366;10,17866
E4_Bvp;1652105429,14928;11,62737
E4_Bvp;1652105429,16491;12,92693
E4_Bvp;1652105429,18054;13,90115
E4_Bvp;1652105429,19616;14,46857
E4_Bvp;1652105429,21179;14,66187
E4_Bvp;1652105429,22741;14,55347
E4_Bvp;1652105429,24304;14,23292
E4_Bvp;1652105429,25866;13,72129
E4_Bvp;1652105429,27429;12,97025
E4_Bvp;1652105429,28992;11,92418
E4_Bvp;1652105429,30554;10,573
E4_Bvp;1652105429,32117;9,018913
E4_Bvp;1652105429,33679;7,45108
E4_Bvp;1652105429,35242;6,058601
E4_Bvp;1652105429,36804;4,946808
E4_Bvp;1652105429,38367;4,095291
E4_Bvp;1652105429,3993;3,395287
E4_Bvp;1652105429,41492;2,717155
E4_Bvp;1652105429,43055;2,030914
E4_Bvp;1652105429,44617;1,407585
E4_Bvp;1652105429,4618;0,9740906
E4_Bvp;1652105429,47742;0,8034744
E4_Bvp;1652105429,49305;0,838295
E4_Bvp;1652105429,50868;0,863945
E4_Bvp;1652105429,5243;0,6345215
E4_Bvp;1652105429,53993;-0,04706573
E4_Bvp;1652105429,55555;-1,237556
E4_Bvp;1652105429,57118;-2,83345
E4_Bvp;1652105429,5868;-4,662415
E4_Bvp;1652105429,60243;-6,536552
E4_Bvp;1652105429,61806;-8,324356
E4_Bvp;1652105429,63368;-9,918999
E4_Bvp;1652105429,64931;-11,29401
E4_Bvp;1652105429,66493;-12,42694
E4_Bvp;1652105429,68056;-13,36604
E4_Bvp;1652105429,69618;-14,18453
E4_Bvp;1652105429,71181;-15,02782
E4_Bvp;1652105429,72744;-16,06958
E4_Bvp;1652105429,74306;-17,39022
E4_Bvp;1652105429,75869;-18,98895
E4_Bvp;1652105429,77431;-20,65868
E4_Bvp;1652105429,78994;-22,04563
E4_Bvp;1652105429,80556;-22,72301
E4_Bvp;1652105429,82119;-22,27767
E4_Bvp;1652105429,83682;-20,39337
E4_Bvp;1652105429,85244;-16,99159
E4_Bvp;1652105429,86807;-12,28873
E4_Bvp;1652105429,88369;-6,765099
E4_Bvp;1652105429,89932;-1,113892
E4_Bvp;1652105429,91494;3,958183
E4_Bvp;1652105429,93057;7,934326
ManipulatedHR;1652105424,32634;69.76126
E4_Hr;1652105424,32634;59,07419
E4_Ibi;1652105424,32634;1,015672
E4_Bvp;1652105429,9462;10,5992
E4_Bvp;1652105429,96182;12,04195
E4_Bvp;1652105429,97745;12,56625
E4_Bvp;1652105429,99307;12,50425
E4_Bvp;1652105430,0087;12,08294
E4_Bvp;1652105430,02432;11,37841
E4_Bvp;1652105430,03995;10,39986
E4_Bvp;1652105430,05558;9,19278
E4_Bvp;1652105430,0712;7,962524
E4_Bvp;1652105430,08683;7,026932
E4_Bvp;1652105430,10245;6,746704
E4_Bvp;1652105430,11808;7,342056
E4_Bvp;1652105430,1337;8,794861
E4_Bvp;1652105430,14933;10,80355
E4_Bvp;1652105430,16496;12,92212
E4_Bvp;1652105430,18058;14,68834
E4_Bvp;1652105430,19621;15,83382
E4_Bvp;1652105430,21183;16,29476
E4_Bvp;1652105430,22746;16,16142
E4_Bvp;1652105430,24308;15,56734
E4_Bvp;1652105430,25871;14,59949
E4_Bvp;1652105430,27434;13,2418
E4_Gsr;1652105428,908;0,05510719
E4_Gsr;1652105429,158;0,05510719
E4_Gsr;1652105429,408;0,05126251
E4_Gsr;1652105429,658;0,05126251
E4_Gsr;1652105429,908;0,05126251
E4_Gsr;1652105430,158;0,05126251
E4_Bvp;1652105430,28996;11,50199
E4_Bvp;1652105430,30559;9,480209
E4_Bvp;1652105430,32121;7,369698
E4_Bvp;1652105430,33684;5,453873
E4_Bvp;1652105430,35246;3,965759
E4_Bvp;1652105430,36809;2,975708
E4_Bvp;1652105430,38372;2,383934
E4_Bvp;1652105430,39934;2,005814
E4_Bvp;1652105430,41497;1,624557
E4_Bvp;1652105430,43059;1,109329
E4_Bvp;1652105430,44622;0,4528198
E4_Bvp;1652105430,46184;-0,3080139
E4_Bvp;1652105430,47747;-1,078758
E4_Bvp;1652105430,4931;-1,786156
E4_Bvp;1652105430,50872;-2,38047
E4_Bvp;1652105430,52435;-2,872444
E4_Bvp;1652105430,53997;-3,323921
E4_Bvp;1652105430,5556;-3,863861
E4_Bvp;1652105430,57122;-4,625816
E4_Bvp;1652105430,58685;-5,700424
E4_Bvp;1652105430,60248;-7,111214
E4_Bvp;1652105430,6181;-8,764488
E4_Bvp;1652105430,63373;-10,47871
E4_Bvp;1652105430,64935;-12,08898
E4_Bvp;1652105430,66498;-13,48825
E4_Bvp;1652105430,6806;-14,71513
E4_Bvp;1652105430,69623;-15,91064
E4_Bvp;1652105430,71186;-17,29039
E4_Bvp;1652105430,72748;-18,98562
E4_Bvp;1652105430,74311;-20,99344
E4_Bvp;1652105430,75873;-23,03304
E4_Bvp;1652105430,77436;-24,62315
E4_Bvp;1652105430,78998;-25,14849
ManipulatedHR;1652105425,31076;114.4083
E4_Bvp;1652105430,80561;-24,11382
E4_Bvp;1652105430,82124;-21,29442
E4_Bvp;1652105430,83686;-16,86499
E4_Bvp;1652105430,85249;-11,34423
E4_Bvp;1652105430,86811;-5,454994
E4_Bvp;1652105430,88374;0,07855988
E4_Bvp;1652105430,89936;4,723351
E4_Bvp;1652105430,91499;8,177399
E4_Hr;1652105425,31076;60,94956
E4_Ibi;1652105425,31076;0,9844205
E4_Bvp;1652105430,93062;10,41116
E4_Bvp;1652105430,94624;11,59108
E4_Bvp;1652105430,96187;11,97874
E4_Bvp;1652105430,97749;11,86218
E4_Bvp;1652105430,99312;11,47388
E4_Bvp;1652105431,00874;10,97754
E4_Bvp;1652105431,02437;10,45849
E4_Bvp;1652105431,04;9,989166
E4_Bvp;1652105431,05562;9,660706
E4_Bvp;1652105431,07125;9,596085
E4_Bvp;1652105431,08687;9,93232
E4_Bvp;1652105431,1025;10,71404
E4_Bvp;1652105431,11812;11,84614
E4_Bvp;1652105431,13375;13,14024
E4_Bvp;1652105431,14938;14,32713
E4_Bvp;1652105431,165;15,19199
E4_Bvp;1652105431,18063;15,62119
E4_Bvp;1652105431,19625;15,63821
E4_Bvp;1652105431,21188;15,32581
E4_Bvp;1652105431,2275;14,79658
E4_Bvp;1652105431,24313;14,09474
E4_Bvp;1652105431,25876;13,20679
E4_Bvp;1652105431,27438;12,08144
E4_Bvp;1652105431,29001;10,67381
E4_Bvp;1652105431,30563;9,001762
E4_Bvp;1652105431,32126;7,187981
E4_Bvp;1652105431,33688;5,451355
E4_Bvp;1652105431,35251;4,012527
E4_Bvp;1652105431,36814;3,024292
E4_Bvp;1652105431,38376;2,497604
E4_Bvp;1652105431,39939;2,298737
E4_Bvp;1652105431,41501;2,205109
E4_Bvp;1652105431,43064;2,02977
E4_Bvp;1652105431,44626;1,666077
E4_Bvp;1652105431,46189;1,099731
E4_Bvp;1652105431,47752;0,393631
E4_Bvp;1652105431,49314;-0,4067841
E4_Bvp;1652105431,50877;-1,301819
E4_Bvp;1652105431,52439;-2,343338
E4_Bvp;1652105431,54002;-3,595093
E4_Bvp;1652105431,55564;-5,115967
E4_Bvp;1652105431,57127;-6,90564
E4_Bvp;1652105431,5869;-8,89679
E4_Bvp;1652105431,60252;-10,94081
E4_Bvp;1652105431,61815;-12,85231
E4_Bvp;1652105431,63377;-14,42862
E4_Bvp;1652105431,6494;-15,558
E4_Bvp;1652105431,66503;-16,27383
E4_Bvp;1652105431,68065;-16,78687
E4_Bvp;1652105431,69628;-17,3992
E4_Bvp;1652105431,7119;-18,41754
E4_Bvp;1652105431,72753;-20,01686
E4_Bvp;1652105431,74315;-22,19456
E4_Bvp;1652105431,75878;-24,75618
E4_Bvp;1652105431,77441;-27,33525
E4_Bvp;1652105431,79003;-29,43381
E4_Bvp;1652105431,80566;-30,50412
E4_Bvp;1652105431,82128;-30,05247
E4_Gsr;1652105430,408;0,05126251
E4_Gsr;1652105430,658;0,05254406
E4_Gsr;1652105430,908;0,05510719
E4_Gsr;1652105431,158;0,05510719
E4_Gsr;1652105431,408;0,05510719
E4_Gsr;1652105431,658;0,05254406
ManipulatedHR;1652105426,29518;108.0097
E4_Bvp;1652105431,83691;-27,75078
E4_Bvp;1652105431,85253;-23,61011
E4_Bvp;1652105431,86816;-17,98073
E4_Bvp;1652105431,88379;-11,54892
E4_Bvp;1652105431,89941;-5,130539
E4_Bvp;1652105431,91504;0,5067139
E4_Bvp;1652105431,93066;4,856186
E4_Bvp;1652105431,94629;7,725754
E4_Hr;1652105426,29518;60,94955
E4_Ibi;1652105426,29518;0,9844208
E4_Bvp;1652105431,96191;9,204285
E4_Bvp;1652105431,97754;9,59584
E4_Bvp;1652105431,99317;9,269058
E4_Bvp;1652105432,00879;8,60202
E4_Bvp;1652105432,02442;7,936447
E4_Bvp;1652105432,04004;7,537598
E4_Bvp;1652105432,05567;7,557968
E4_Bvp;1652105432,07129;8,005753
E4_Bvp;1652105432,08692;8,814178
E4_Bvp;1652105432,10255;9,807297
E4_Bvp;1652105432,11817;10,81348
E4_Bvp;1652105432,1338;11,70555
E4_Bvp;1652105432,14942;12,41203
E4_Bvp;1652105432,16505;12,97684
E4_Bvp;1652105432,18067;13,44374
E4_Bvp;1652105432,1963;13,85951
E4_Bvp;1652105432,21193;14,18735
E4_Bvp;1652105432,22755;14,34558
E4_Bvp;1652105432,24318;14,22676
E4_Bvp;1652105432,2588;13,7562
E4_Bvp;1652105432,27443;12,94096
E4_Bvp;1652105432,29005;11,84377
E4_Bvp;1652105432,30568;10,57445
E4_Bvp;1652105432,32131;9,214813
E4_Bvp;1652105432,33693;7,804199
E4_Bvp;1652105432,35256;6,371155
E4_Bvp;1652105432,36818;4,942322
E4_Bvp;1652105432,38381;3,599335
E4_Bvp;1652105432,39943;2,461609
E4_Bvp;1652105432,41506;1,628525
E4_Bvp;1652105432,43069;1,129181
E4_Bvp;1652105432,44631;0,9029694
E4_Bvp;1652105432,46194;0,8191071
E4_Bvp;1652105432,47756;0,7180634
E4_Bvp;1652105432,49319;0,5088348
E4_Bvp;1652105432,50881;0,1823425
E4_Bvp;1652105432,52444;-0,2083588
E4_Bvp;1652105432,54007;-0,5740509
E4_Bvp;1652105432,55569;-0,8676147
E4_Bvp;1652105432,57132;-1,155807
E4_Bvp;1652105432,58694;-1,560104
E4_Bvp;1652105432,60257;-2,232971
E4_Bvp;1652105432,61819;-3,282608
E4_Bvp;1652105432,63382;-4,708466
E4_Bvp;1652105432,64945;-6,429184
E4_Bvp;1652105432,66507;-8,275528
E4_Bvp;1652105432,6807;-10,07233
E4_Bvp;1652105432,69632;-11,68283
E4_Bvp;1652105432,71195;-13,03717
E4_Bvp;1652105432,72757;-14,17711
E4_Bvp;1652105432,7432;-15,2005
E4_Bvp;1652105432,75883;-16,24883
E4_Bvp;1652105432,77445;-17,45685
E4_Bvp;1652105432,79008;-18,88406
E4_Bvp;1652105432,8057;-20,44081
E4_Bvp;1652105432,82133;-21,8689
E4_Bvp;1652105432,83695;-22,73434
E4_Bvp;1652105432,85258;-22,54179
E4_Bvp;1652105432,86821;-20,91508
ManipulatedHR;1652105427,32648;87.74564
E4_Bvp;1652105432,88383;-17,74371
E4_Bvp;1652105432,89946;-13,25317
E4_Bvp;1652105432,91508;-7,97345
E4_Bvp;1652105432,93071;-2,539322
E4_Bvp;1652105432,94633;2,475098
E4_Bvp;1652105432,96196;6,673538
E4_Hr;1652105427,32648;58,17913
E4_Ibi;1652105427,32648;1,031298
E4_Bvp;1652105432,97759;9,865067
E4_Bvp;1652105432,99321;12,01051
E4_Bvp;1652105433,00884;13,11978
E4_Bvp;1652105433,02446;13,24866
E4_Bvp;1652105433,04009;12,50797
E4_Bvp;1652105433,05571;11,13422
E4_Bvp;1652105433,07134;9,475693
E4_Bvp;1652105433,08697;7,930389
E4_Bvp;1652105433,10259;6,834351
E4_Bvp;1652105433,11822;6,385361
E4_Bvp;1652105433,13384;6,642822
E4_Bvp;1652105433,14947;7,540817
E4_Bvp;1652105433,16509;8,941498
E4_Bvp;1652105433,18072;10,65543
E4_Bvp;1652105433,19635;12,4512
E4_Bvp;1652105433,21197;14,05118
E4_Bvp;1652105433,2276;15,20177
E4_Bvp;1652105433,24322;15,71936
E4_Bvp;1652105433,25885;15,58672
E4_Bvp;1652105433,27447;14,96638
E4_Bvp;1652105433,2901;14,07361
E4_Bvp;1652105433,30573;13,10596
E4_Bvp;1652105433,32135;12,14809
E4_Bvp;1652105433,33698;11,14783
E4_Bvp;1652105433,3526;9,99086
E4_Bvp;1652105433,36823;8,630035
E4_Gsr;1652105431,908;0,05510719
E4_Gsr;1652105432,158;0,05382563
E4_Gsr;1652105432,408;0,05510719
E4_Gsr;1652105432,658;0,05126251
E4_Gsr;1652105432,908;0,05126251
E4_Gsr;1652105433,158;0,05254406
E4_Bvp;1652105433,38385;7,12442
E4_Bvp;1652105433,39948;5,658401
E4_Bvp;1652105433,41511;4,42392
E4_Bvp;1652105433,43073;3,52359
E4_Bvp;1652105433,44636;2,915894
E4_Bvp;1652105433,46198;2,448105
E4_Bvp;1652105433,47761;1,921402
E4_Bvp;1652105433,49323;1,209229
E4_Bvp;1652105433,50886;0,3019714
E4_Bvp;1652105433,52449;-0,6755219
E4_Bvp;1652105433,54011;-1,55162
E4_Bvp;1652105433,55574;-2,233627
E4_Bvp;1652105433,57136;-2,751785
E4_Bvp;1652105433,58699;-3,260406
E4_Bvp;1652105433,60261;-3,995438
E4_Bvp;1652105433,61824;-5,134415
E4_Bvp;1652105433,63387;-6,712326
E4_Bvp;1652105433,64949;-8,610748
E4_Bvp;1652105433,66512;-10,57509
E4_Bvp;1652105433,68074;-12,38101
E4_Bvp;1652105433,69637;-13,87709
E4_Bvp;1652105433,71199;-15,10144
E4_Bvp;1652105433,72762;-16,19302
E4_Bvp;1652105433,74325;-17,3804
E4_Bvp;1652105433,75887;-18,87602
E4_Bvp;1652105433,7745;-20,79382
E4_Bvp;1652105433,79012;-23,08473
E4_Bvp;1652105433,80575;-25,50972
E4_Bvp;1652105433,82137;-27,64598
E4_Bvp;1652105433,837;-28,95354
E4_Bvp;1652105433,85263;-28,91336
E4_Bvp;1652105433,86825;-27,17192
E4_Bvp;1652105433,88388;-23,66425
ManipulatedHR;1652105428,34215;64.12473
E4_Bvp;1652105433,8995;-18,62042
E4_Bvp;1652105433,91513;-12,52919
E4_Bvp;1652105433,93075;-6,034027
E4_Bvp;1652105433,94638;0,2144775
E4_Bvp;1652105433,96201;5,627617
E4_Bvp;1652105433,97763;9,799637
E4_Hr;1652105428,34215;59,07419
E4_Ibi;1652105428,34215;1,015672
E4_Bvp;1652105433,99326;12,51701
E4_Bvp;1652105434,00888;13,80738
E4_Bvp;1652105434,02451;13,89629
E4_Bvp;1652105434,04014;13,16772
E4_Bvp;1652105434,05576;12,03569
E4_Bvp;1652105434,07139;10,8451
E4_Bvp;1652105434,08701;9,834114
E4_Bvp;1652105434,10264;9,0914
E4_Bvp;1652105434,11826;8,676422
E4_Bvp;1652105434,13389;8,64151
E4_Bvp;1652105434,14952;9,038689
E4_Bvp;1652105434,16514;9,890938
E4_Bvp;1652105434,18077;11,15673
E4_Bvp;1652105434,19639;12,66497
E4_Bvp;1652105434,21202;14,16774
E4_Bvp;1652105434,22764;15,42742
E4_Bvp;1652105434,24327;16,22921
E4_Bvp;1652105434,2589;16,51795
E4_Bvp;1652105434,27452;16,35325
E4_Bvp;1652105434,29015;15,86726
E4_Bvp;1652105434,30577;15,16861
E4_Bvp;1652105434,3214;14,30947
E4_Bvp;1652105434,33702;13,25581
E4_Bvp;1652105434,35265;11,93109
E4_Bvp;1652105434,36828;10,33643
E4_Bvp;1652105434,3839;8,571968
E4_Bvp;1652105434,39953;6,822174
E4_Bvp;1652105434,41515;5,304543
E4_Bvp;1652105434,43078;4,138855
E4_Bvp;1652105434,4464;3,335114
E4_Bvp;1652105434,46203;2,779495
E4_Bvp;1652105434,47766;2,317635
E4_Bvp;1652105434,49328;1,856033
E4_Bvp;1652105434,50891;1,400917
E4_Bvp;1652105434,52453;1,020241
E4_Bvp;1652105434,54016;0,7506027
E4_Bvp;1652105434,55578;0,5435867
E4_Bvp;1652105434,57141;0,2451859
E4_Bvp;1652105434,58704;-0,331955
E4_Bvp;1652105434,60266;-1,307404
E4_Bvp;1652105434,61829;-2,705147
E4_Bvp;1652105434,63391;-4,423927
E4_Bvp;1652105434,64954;-6,301666
E4_Bvp;1652105434,66516;-8,195999
E4_Bvp;1652105434,68079;-10,02222
E4_Bvp;1652105434,69642;-11,76639
E4_Bvp;1652105434,71204;-13,42247
E4_Bvp;1652105434,72767;-14,9845
E4_Bvp;1652105434,74329;-16,42684
E4_Bvp;1652105434,75892;-17,79584
E4_Bvp;1652105434,77454;-19,24961
E4_Bvp;1652105434,79017;-20,97702
E4_Bvp;1652105434,8058;-23,15076
E4_Bvp;1652105434,82142;-25,7627
E4_Bvp;1652105434,83705;-28,51716
E4_Bvp;1652105434,85267;-30,88825
E4_Bvp;1652105434,8683;-32,25239
E4_Bvp;1652105434,88392;-32,0569
E4_Bvp;1652105434,89955;-30,01926
E4_Bvp;1652105434,91518;-26,17998
E4_Gsr;1652105433,408;0,05126251
E4_Gsr;1652105433,658;0,05126251
E4_Gsr;1652105433,908;0,05510719
E4_Gsr;1652105434,158;0,05510719
E4_Gsr;1652105434,408;0,05510719
E4_Gsr;1652105434,658;0,05510719
ManipulatedHR;1652105429,35782;95.91971
E4_Bvp;1652105434,9308;-20,88573
E4_Bvp;1652105434,94643;-14,7015
E4_Bvp;1652105434,96205;-8,286453
E4_Bvp;1652105434,97768;-2,300636
E4_Bvp;1652105434,9933;2,703873
E4_Bvp;1652105435,00893;6,403893
E4_Bvp;1652105435,02456;8,719315
E4_Hr;1652105429,35782;59,07418
E4_Ibi;1652105429,35782;1,015672
E4_Bvp;1652105435,04018;9,835823
E4_Bvp;1652105435,05581;10,08281
E4_Bvp;1652105435,07143;9,821068
E4_Bvp;1652105435,08706;9,318161
E4_Bvp;1652105435,10268;8,740891
E4_Bvp;1652105435,11831;8,195015
E4_Bvp;1652105435,13394;7,782089
E4_Bvp;1652105435,14956;7,669418
E4_Bvp;1652105435,16519;8,029724
E4_Bvp;1652105435,18081;8,977196
E4_Bvp;1652105435,19644;10,47281
E4_Bvp;1652105435,21206;12,33769
E4_Bvp;1652105435,22769;14,26831
E4_Bvp;1652105435,24332;15,95601
E4_Bvp;1652105435,25894;17,16398
E4_Bvp;1652105435,27457;17,77811
E4_Bvp;1652105435,29019;17,81192
E4_Bvp;1652105435,30582;17,34837
E4_Bvp;1652105435,32144;16,49979
E4_Bvp;1652105435,33707;15,32214
E4_Bvp;1652105435,3527;13,84806
E4_Bvp;1652105435,36832;12,09467
E4_Bvp;1652105435,38395;10,16874
E4_Bvp;1652105435,39957;8,282761
E4_Bvp;1652105435,4152;6,679794
E4_Bvp;1652105435,43082;5,555244
E4_Bvp;1652105435,44645;4,934464
E4_Bvp;1652105435,46208;4,665062
E4_Bvp;1652105435,4777;4,478111
E4_Bvp;1652105435,49333;4,119026
E4_Bvp;1652105435,50895;3,478371
E4_Bvp;1652105435,52458;2,604393
E4_Bvp;1652105435,5402;1,665665
E4_Bvp;1652105435,55583;0,8035431
E4_Bvp;1652105435,57146;0,09459686
E4_Bvp;1652105435,58708;-0,5031509
E4_Bvp;1652105435,60271;-1,058449
E4_Bvp;1652105435,61833;-1,620461
E4_Bvp;1652105435,63396;-2,241035
E4_Bvp;1652105435,64958;-2,952499
E4_Bvp;1652105435,66521;-3,81115
E4_Bvp;1652105435,68084;-4,85598
E4_Bvp;1652105435,69646;-6,138466
E4_Bvp;1652105435,71209;-7,622688
E4_Bvp;1652105435,72771;-9,216156
E4_Bvp;1652105435,74334;-10,80531
E4_Bvp;1652105435,75896;-12,34467
E4_Bvp;1652105435,77459;-13,88729
E4_Bvp;1652105435,79022;-15,54673
E4_Bvp;1652105435,80584;-17,43375
E4_Bvp;1652105435,82147;-19,46504
E4_Bvp;1652105435,83709;-21,35126
E4_Bvp;1652105435,85272;-22,60727
E4_Bvp;1652105435,86834;-22,69962
E4_Bvp;1652105435,88397;-21,23351
E4_Bvp;1652105435,8996;-18,13613
E4_Bvp;1652105435,91522;-13,646
E4_Bvp;1652105435,93085;-8,283401
E4_Bvp;1652105435,94647;-2,679214
ManipulatedHR;1652105430,40474;74.72063
E4_Bvp;1652105435,9621;2,585999
E4_Bvp;1652105435,97772;7,107132
E4_Hr;1652105430,40474;57,31078
E4_Ibi;1652105430,40474;1,046923
E4_Bvp;1652105435,99335;10,62619
E4_Bvp;1652105436,00898;13,04248
E4_Bvp;1652105436,0246;14,36263
E4_Bvp;1652105436,04023;14,66784
E4_Bvp;1652105436,05585;14,11266
E4_Bvp;1652105436,07148;12,93244
E4_Bvp;1652105436,0871;11,3904
E4_Bvp;1652105436,10273;9,747948
E4_Bvp;1652105436,11836;8,251724
E4_Bvp;1652105436,13398;7,105614
E4_Bvp;1652105436,14961;6,474693
E4_Bvp;1652105436,16523;6,469955
E4_Bvp;1652105436,18086;7,136108
E4_Bvp;1652105436,19649;8,423241
E4_Bvp;1652105436,21211;10,16115
E4_Bvp;1652105436,22774;12,07347
E4_Bvp;1652105436,24336;13,85626
E4_Bvp;1652105436,25899;15,22572
E4_Bvp;1652105436,27461;16,02186
E4_Bvp;1652105436,29024;16,19566
E4_Gsr;1652105434,908;0,05510719
E4_Gsr;1652105435,158;0,05510719
E4_Gsr;1652105435,408;0,05510719
E4_Gsr;1652105435,658;0,05126251
E4_Gsr;1652105435,908;0,04998094
E4_Gsr;1652105436,158;0,05126251
E4_Bvp;1652105436,30587;15,82362
E4_Bvp;1652105436,32149;15,0151
E4_Bvp;1652105436,33712;13,89912
E4_Bvp;1652105436,35274;12,54858
E4_Bvp;1652105436,36837;10,98912
E4_Bvp;1652105436,38399;9,285149
E4_Bvp;1652105436,39962;7,496971
E4_Bvp;1652105436,41525;5,758209
E4_Bvp;1652105436,43087;4,201469
E4_Bvp;1652105436,4465;2,877228
E4_Bvp;1652105436,46212;1,732033
E4_Bvp;1652105436,47775;0,6582336
E4_Bvp;1652105436,49337;-0,4328995
E4_Bvp;1652105436,509;-1,547867
E4_Bvp;1652105436,52463;-2,555733
E4_Bvp;1652105436,54025;-3,337761
E4_Bvp;1652105436,55588;-3,830353
E4_Bvp;1652105436,5715;-4,120354
E4_Bvp;1652105436,58713;-4,40329
E4_Bvp;1652105436,60275;-4,939499
E4_Bvp;1652105436,61838;-5,889603
E4_Bvp;1652105436,63401;-7,287529
E4_Bvp;1652105436,64963;-9,034142
E4_Bvp;1652105436,66526;-10,92795
E4_Bvp;1652105436,68088;-12,79755
E4_Bvp;1652105436,69651;-14,48411
E4_Bvp;1652105436,71213;-15,95878
E4_Bvp;1652105436,72776;-17,27387
E4_Bvp;1652105436,74339;-18,62727
E4_Bvp;1652105436,75901;-20,27464
E4_Bvp;1652105436,77464;-22,39898
E4_Bvp;1652105436,79026;-24,98354
E4_Bvp;1652105436,80589;-27,70667
ManipulatedHR;1652105431,35791;99.83056
E4_Bvp;1652105436,82151;-29,95596
E4_Bvp;1652105436,83714;-30,96658
E4_Bvp;1652105436,85277;-30,05113
E4_Bvp;1652105436,86839;-26,86085
E4_Bvp;1652105436,88402;-21,50661
E4_Bvp;1652105436,89964;-14,60303
E4_Bvp;1652105436,91527;-7,094093
E4_Bvp;1652105436,93089;0,02754974
E4_Bvp;1652105436,94652;5,953316
E4_Bvp;1652105436,96215;10,24236
E4_Hr;1652105431,35791;62,94791
E4_Ibi;1652105431,35791;0,9531691
E4_Bvp;1652105436,97777;12,86617
E4_Bvp;1652105436,9934;14,08221
E4_Bvp;1652105437,00902;14,24731
E4_Bvp;1652105437,02465;13,71032
E4_Bvp;1652105437,04027;12,74507
E4_Bvp;1652105437,0559;11,54805
E4_Bvp;1652105437,07153;10,32139
E4_Bvp;1652105437,08715;9,298378
E4_Bvp;1652105437,10278;8,691628
E4_Bvp;1652105437,1184;8,638496
E4_Bvp;1652105437,13403;9,144352
E4_Bvp;1652105437,14965;10,0881
E4_Bvp;1652105437,16528;11,30825
E4_Bvp;1652105437,18091;12,65275
E4_Bvp;1652105437,19653;14,05733
E4_Bvp;1652105437,21216;15,44824
E4_Bvp;1652105437,22778;16,72335
E4_Bvp;1652105437,24341;17,68501
E4_Bvp;1652105437,25903;18,05566
E4_Bvp;1652105437,27466;17,58319
E4_Bvp;1652105437,29029;16,19585
E4_Bvp;1652105437,30591;14,05442
E4_Bvp;1652105437,32154;11,51351
E4_Bvp;1652105437,33716;8,968594
E4_Bvp;1652105437,35279;6,750172
E4_Bvp;1652105437,36841;5,010891
E4_Bvp;1652105437,38404;3,717152
E4_Bvp;1652105437,39967;2,731239
E4_Bvp;1652105437,41529;1,885635
E4_Bvp;1652105437,43092;1,051468
E4_Bvp;1652105437,44654;0,1967239
E4_Bvp;1652105437,46217;-0,6369247
E4_Bvp;1652105437,47779;-1,37394
E4_Bvp;1652105437,49342;-1,909916
E4_Bvp;1652105437,50905;-2,241642
E4_Bvp;1652105437,52467;-2,455997
E4_Bvp;1652105437,5403;-2,741047
E4_Bvp;1652105437,55592;-3,313251
E4_Bvp;1652105437,57155;-4,331806
E4_Bvp;1652105437,58717;-5,800755
E4_Bvp;1652105437,6028;-7,583591
E4_Bvp;1652105437,61843;-9,451992
E4_Bvp;1652105437,63405;-11,18052
E4_Bvp;1652105437,64968;-12,6732
E4_Bvp;1652105437,6653;-13,97071
E4_Bvp;1652105437,68093;-15,23949
E4_Bvp;1652105437,69655;-16,68766
E4_Bvp;1652105437,71218;-18,49189
E4_Bvp;1652105437,72781;-20,69392
E4_Bvp;1652105437,74343;-23,18302
E4_Bvp;1652105437,75906;-25,68304
E4_Bvp;1652105437,77468;-27,77167
E4_Bvp;1652105437,79031;-28,9883
E4_Bvp;1652105437,80593;-28,90178
E4_Bvp;1652105437,82156;-27,20501
E4_Bvp;1652105437,83719;-23,82737
E4_Gsr;1652105436,408;0,05126251
E4_Gsr;1652105436,658;0,04998094
E4_Gsr;1652105436,908;0,05126251
E4_Gsr;1652105437,158;0,04998094
E4_Gsr;1652105437,408;0,05254406
E4_Gsr;1652105437,658;0,05126251
ManipulatedHR;1652105432,34233;105.4497
E4_Bvp;1652105437,85281;-18,93344
E4_Bvp;1652105437,86844;-12,88321
E4_Bvp;1652105437,88406;-6,196182
E4_Bvp;1652105437,89969;0,5762711
E4_Bvp;1652105437,91531;6,917664
E4_Bvp;1652105437,93094;12,38758
E4_Hr;1652105432,34233;60,94956
E4_Ibi;1652105432,34233;0,9844205
E4_Bvp;1652105437,94657;16,70744
E4_Bvp;1652105437,96219;19,75774
E4_Bvp;1652105437,97782;21,59643
E4_Bvp;1652105437,99344;22,41556
E4_Bvp;1652105438,00907;22,47561
E4_Bvp;1652105438,02469;22,02306
E4_Bvp;1652105438,04032;21,30164
E4_Bvp;1652105438,05595;20,49284
E4_Bvp;1652105438,07157;19,7986
E4_Bvp;1652105438,0872;19,41612
E4_Bvp;1652105438,10282;19,53304
E4_Bvp;1652105438,11845;20,22993
E4_Bvp;1652105438,13407;21,45852
E4_Bvp;1652105438,1497;23,00678
E4_Bvp;1652105438,16533;24,54415
E4_Bvp;1652105438,18095;25,77642
E4_Bvp;1652105438,19658;26,48612
E4_Bvp;1652105438,2122;26,62121
E4_Bvp;1652105438,22783;26,23329
E4_Bvp;1652105438,24345;25,40701
E4_Bvp;1652105438,25908;24,18022
E4_Bvp;1652105438,27471;22,54982
E4_Bvp;1652105438,29033;20,48141
E4_Bvp;1652105438,30596;17,99036
E4_Bvp;1652105438,32158;15,19889
E4_Bvp;1652105438,33721;12,30877
E4_Bvp;1652105438,35283;9,525051
E4_Bvp;1652105438,36846;7,013676
E4_Bvp;1652105438,38409;4,815235
E4_Bvp;1652105438,39971;2,898746
E4_Bvp;1652105438,41534;1,194313
E4_Bvp;1652105438,43096;-0,3710327
E4_Bvp;1652105438,44659;-1,804039
E4_Bvp;1652105438,46221;-3,071323
E4_Bvp;1652105438,47784;-4,128994
E4_Bvp;1652105438,49347;-4,991768
E4_Bvp;1652105438,50909;-5,734344
E4_Bvp;1652105438,52472;-6,514614
E4_Bvp;1652105438,54034;-7,489094
E4_Bvp;1652105438,55597;-8,787315
E4_Bvp;1652105438,57159;-10,42757
E4_Bvp;1652105438,58722;-12,3099
E4_Bvp;1652105438,60285;-14,24537
E4_Bvp;1652105438,61847;-16,07684
E4_Bvp;1652105438,6341;-17,67533
E4_Bvp;1652105438,64972;-19,04729
E4_Bvp;1652105438,66535;-20,31031
E4_Bvp;1652105438,68097;-21,6468
E4_Bvp;1652105438,6966;-23,24406
E4_Bvp;1652105438,71223;-25,23179
E4_Bvp;1652105438,72785;-27,61672
E4_Bvp;1652105438,74348;-30,24498
E4_Bvp;1652105438,7591;-32,8147
E4_Bvp;1652105438,77473;-34,85525
E4_Bvp;1652105438,79035;-35,79131
E4_Bvp;1652105438,80598;-35,06528
E4_Bvp;1652105438,82161;-32,28555
E4_Bvp;1652105438,83723;-27,40651
E4_Bvp;1652105438,85286;-20,84547
E4_Bvp;1652105438,86848;-13,42705
ManipulatedHR;1652105433,31113;112.7809
E4_Bvp;1652105438,88411;-6,193211
E4_Bvp;1652105438,89974;-0,1039886
E4_Bvp;1652105438,91536;4,228512
E4_Bvp;1652105438,93099;6,685143
E4_Bvp;1652105438,94661;7,575947
E4_Hr;1652105433,31113;61,93262
E4_Ibi;1652105433,31113;0,9687948
E4_Bvp;1652105438,96224;7,457439
E4_Bvp;1652105438,97786;6,909908
E4_Bvp;1652105438,99349;6,322903
E4_Bvp;1652105439,00912;5,882214
E4_Bvp;1652105439,02474;5,612774
E4_Bvp;1652105439,04037;5,489956
E4_Bvp;1652105439,05599;5,482601
E4_Bvp;1652105439,07162;5,568481
E4_Bvp;1652105439,08724;5,742519
E4_Bvp;1652105439,10287;5,997086
E4_Bvp;1652105439,1185;6,342968
E4_Bvp;1652105439,13412;6,820908
E4_Bvp;1652105439,14975;7,505493
E4_Bvp;1652105439,16537;8,44973
E4_Bvp;1652105439,181;9,65752
E4_Bvp;1652105439,19662;11,0288
E4_Bvp;1652105439,21225;12,34338
E4_Bvp;1652105439,22788;13,29329
E4_Bvp;1652105439,2435;13,58705
E4_Bvp;1652105439,25913;13,03026
E4_Bvp;1652105439,27475;11,64672
E4_Bvp;1652105439,29038;9,618107
E4_Bvp;1652105439,306;7,265093
E4_Bvp;1652105439,32163;4,910566
E4_Bvp;1652105439,33726;2,827969
E4_Bvp;1652105439,35288;1,169113
E4_Bvp;1652105439,36851;-0,01360893
E4_Bvp;1652105439,38413;-0,7884712
E4_Gsr;1652105437,908;0,05254406
E4_Gsr;1652105438,158;0,05382563
E4_Gsr;1652105438,408;0,05510719
E4_Gsr;1652105438,658;0,05382563
E4_Gsr;1652105438,908;0,05510719
E4_Gsr;1652105439,158;0,05126251
E4_Bvp;1652105439,39976;-1,282387
E4_Bvp;1652105439,41538;-1,669411
E4_Bvp;1652105439,43101;-2,142933
E4_Bvp;1652105439,44664;-2,832056
E4_Bvp;1652105439,46226;-3,800243
E4_Bvp;1652105439,47789;-4,939285
E4_Bvp;1652105439,49351;-6,086607
E4_Bvp;1652105439,50914;-7,045542
E4_Bvp;1652105439,52476;-7,738626
E4_Bvp;1652105439,54039;-8,201824
E4_Bvp;1652105439,55602;-8,631462
E4_Bvp;1652105439,57164;-9,265718
E4_Bvp;1652105439,58727;-10,32098
E4_Bvp;1652105439,60289;-11,91795
E4_Bvp;1652105439,61852;-14,00855
E4_Bvp;1652105439,63414;-16,36052
E4_Bvp;1652105439,64977;-18,5376
E4_Bvp;1652105439,6654;-20,02684
E4_Bvp;1652105439,68102;-20,29691
E4_Bvp;1652105439,69665;-18,98731
E4_Bvp;1652105439,71227;-15,95923
E4_Bvp;1652105439,7279;-11,37701
ManipulatedHR;1652105434,3268;117.0525
E4_Bvp;1652105439,74352;-5,660573
E4_Bvp;1652105439,75915;0,5937138
E4_Bvp;1652105439,77478;6,73064
E4_Hr;1652105434,3268;59,07418
E4_Ibi;1652105434,3268;1,015672
E4_Bvp;1652105439,7904;12,14783
E4_Bvp;1652105439,80603;16,40674
E4_Bvp;1652105439,82165;19,2463
E4_Bvp;1652105439,83728;20,63569
E4_Bvp;1652105439,8529;20,78335
E4_Bvp;1652105439,86853;20,04373
E4_Bvp;1652105439,88416;18,84282
E4_Bvp;1652105439,89978;17,56663
E4_Bvp;1652105439,91541;16,45393
E4_Bvp;1652105439,93103;15,62339
E4_Bvp;1652105439,94666;15,09504
E4_Bvp;1652105439,96228;14,83878
E4_Bvp;1652105439,97791;14,85002
E4_Bvp;1652105439,99354;15,13257
E4_Bvp;1652105440,00916;15,67667
E4_Bvp;1652105440,02479;16,40367
E4_Bvp;1652105440,04041;17,17496
E4_Bvp;1652105440,05604;17,80684
E4_Bvp;1652105440,07166;18,1845
E4_Bvp;1652105440,08729;18,29392
E4_Bvp;1652105440,10292;18,19617
E4_Bvp;1652105440,11854;17,95649
E4_Bvp;1652105440,13417;17,58414
E4_Bvp;1652105440,14979;16,96022
E4_Bvp;1652105440,16542;15,89065
E4_Bvp;1652105440,18104;14,27796
E4_Bvp;1652105440,19667;12,16311
E4_Bvp;1652105440,2123;9,809874
E4_Bvp;1652105440,22792;7,560425
E4_Bvp;1652105440,24355;5,676184
E4_Bvp;1652105440,25917;4,246999
E4_Bvp;1652105440,2748;3,157855
E4_Bvp;1652105440,29042;2,165514
E4_Bvp;1652105440,30605;1,034799
E4_Bvp;1652105440,32168;-0,3588448
E4_Bvp;1652105440,3373;-2,048849
E4_Bvp;1652105440,35293;-3,995099
E4_Bvp;1652105440,36855;-6,160342
E4_Bvp;1652105440,38418;-8,540125
E4_Bvp;1652105440,3998;-11,08972
E4_Bvp;1652105440,41543;-13,73751
E4_Bvp;1652105440,43106;-16,3502
E4_Bvp;1652105440,44668;-18,77388
E4_Bvp;1652105440,46231;-20,91161
E4_Bvp;1652105440,47793;-22,8165
E4_Bvp;1652105440,49356;-24,63544
E4_Bvp;1652105440,50918;-26,5426
E4_Bvp;1652105440,52481;-28,59616
E4_Bvp;1652105440,54044;-30,57787
E4_Bvp;1652105440,55606;-32,06297
E4_Bvp;1652105440,57169;-32,49793
E4_Bvp;1652105440,58731;-31,41039
ManipulatedHR;1652105435,15496;110.87
E4_Bvp;1652105440,60294;-28,57977
E4_Bvp;1652105440,61856;-24,16362
E4_Bvp;1652105440,63419;-18,62435
E4_Bvp;1652105440,64982;-12,58993
E4_Bvp;1652105440,66544;-6,674397
E4_Bvp;1652105440,68107;-1,331051
E4_Bvp;1652105440,69669;3,168304
E4_Bvp;1652105440,71232;6,7012
E4_Hr;1652105435,15496;72,44947
E4_Ibi;1652105435,15496;0,8281634
E4_Bvp;1652105440,72794;9,259309
E4_Bvp;1652105440,74357;10,90882
E4_Bvp;1652105440,7592;11,78255
E4_Bvp;1652105440,77482;12,09262
E4_Bvp;1652105440,79045;12,0781
E4_Bvp;1652105440,80607;11,93855
E4_Bvp;1652105440,8217;11,79097
E4_Bvp;1652105440,83732;11,67659
E4_Bvp;1652105440,85295;11,55624
E4_Bvp;1652105440,86858;11,42806
E4_Bvp;1652105440,8842;11,3385
E4_Bvp;1652105440,89983;11,40967
E4_Bvp;1652105440,91545;11,78098
E4_Bvp;1652105440,93108;12,51938
E4_Gsr;1652105439,408;0,05126251
E4_Gsr;1652105439,658;0,05126251
E4_Gsr;1652105439,908;0,05126251
E4_Gsr;1652105440,158;0,05126251
E4_Gsr;1652105440,408;0,05126251
E4_Gsr;1652105440,658;0,05254406
E4_Bvp;1652105440,9467;13,56906
E4_Bvp;1652105440,96233;14,76123
E4_Bvp;1652105440,97796;15,86128
E4_Bvp;1652105440,99358;16,66143
E4_Bvp;1652105441,00921;17,01236
E4_Bvp;1652105441,02483;16,83934
E4_Bvp;1652105441,04046;16,13199
E4_Bvp;1652105441,05609;14,9645
E4_Bvp;1652105441,07171;13,44562
E4_Bvp;1652105441,08734;11,78029
E4_Bvp;1652105441,10296;10,21164
E4_Bvp;1652105441,11859;8,958118
E4_Bvp;1652105441,13421;8,164372
E4_Bvp;1652105441,14984;7,806936
E4_Bvp;1652105441,16547;7,69684
E4_Bvp;1652105441,18109;7,534563
E4_Bvp;1652105441,19672;7,034862
E4_Bvp;1652105441,21234;6,007721
E4_Bvp;1652105441,22797;4,40706
E4_Bvp;1652105441,24359;2,333487
E4_Bvp;1652105441,25922;-0,02023125
E4_Bvp;1652105441,27485;-2,456755
E4_Bvp;1652105441,29047;-4,806795
E4_Bvp;1652105441,3061;-6,990137
E4_Bvp;1652105441,32172;-9,014046
E4_Bvp;1652105441,33735;-10,98848
E4_Bvp;1652105441,35297;-13,08712
E4_Bvp;1652105441,3686;-15,46207
E4_Bvp;1652105441,38423;-18,2325
E4_Bvp;1652105441,39985;-21,40419
E4_Bvp;1652105441,41548;-24,82051
E4_Bvp;1652105441,4311;-28,15227
E4_Bvp;1652105441,44673;-30,8771
ManipulatedHR;1652105436,09251;104.4384
E4_Bvp;1652105441,46235;-32,37061
E4_Bvp;1652105441,47798;-32,07611
E4_Bvp;1652105441,49361;-29,66621
E4_Bvp;1652105441,50923;-25,1859
E4_Bvp;1652105441,52486;-19,11975
E4_Bvp;1652105441,54048;-12,28473
E4_Bvp;1652105441,55611;-5,524052
E4_Bvp;1652105441,57173;0,446188
E4_Bvp;1652105441,58736;5,234329
E4_Bvp;1652105441,60299;8,804714
E4_Hr;1652105436,09251;63,99704
E4_Ibi;1652105436,09251;0,9375434
E4_Bvp;1652105441,61861;11,32088
E4_Bvp;1652105441,63424;13,0196
E4_Bvp;1652105441,64986;14,09792
E4_Bvp;1652105441,66549;14,63671
E4_Bvp;1652105441,68111;14,65609
E4_Bvp;1652105441,69674;14,21846
E4_Bvp;1652105441,71237;13,44473
E4_Bvp;1652105441,72799;12,55719
E4_Bvp;1652105441,74362;11,83047
E4_Bvp;1652105441,75924;11,52077
E4_Bvp;1652105441,77487;11,79678
E4_Bvp;1652105441,79049;12,66737
E4_Bvp;1652105441,80612;13,93618
E4_Bvp;1652105441,82175;15,33037
E4_Bvp;1652105441,83737;16,57272
E4_Bvp;1652105441,853;17,45657
E4_Bvp;1652105441,86862;17,9269
E4_Bvp;1652105441,88425;17,99046
E4_Bvp;1652105441,89987;17,67308
E4_Bvp;1652105441,9155;16,99556
E4_Bvp;1652105441,93113;15,95615
E4_Bvp;1652105441,94675;14,59183
E4_Bvp;1652105441,96238;13,05178
E4_Bvp;1652105441,978;11,59021
E4_Bvp;1652105441,99363;10,42884
E4_Bvp;1652105442,00925;9,688812
E4_Bvp;1652105442,02488;9,290138
E4_Bvp;1652105442,04051;8,967068
E4_Bvp;1652105442,05613;8,419319
E4_Bvp;1652105442,07176;7,435215
E4_Bvp;1652105442,08738;5,988243
E4_Bvp;1652105442,10301;4,23782
E4_Bvp;1652105442,11863;2,441452
E4_Bvp;1652105442,13426;0,8585091
E4_Bvp;1652105442,14989;-0,3751183
E4_Bvp;1652105442,16551;-1,291847
E4_Bvp;1652105442,18114;-2,078331
E4_Bvp;1652105442,19676;-2,997509
E4_Bvp;1652105442,21239;-4,266014
E4_Bvp;1652105442,22801;-5,953281
E4_Bvp;1652105442,24364;-7,960487
E4_Bvp;1652105442,25927;-10,06548
E4_Bvp;1652105442,27489;-12,02277
E4_Bvp;1652105442,29052;-13,68896
E4_Bvp;1652105442,30614;-15,06694
E4_Gsr;1652105440,908;0,05382563
E4_Gsr;1652105441,158;0,05510719
E4_Gsr;1652105441,408;0,05382563
E4_Gsr;1652105441,658;0,05510719
E4_Gsr;1652105441,908;0,05510719
E4_Gsr;1652105442,158;0,05638875
E4_Bvp;1652105442,32177;-16,3219
E4_Bvp;1652105442,33739;-17,66903
E4_Bvp;1652105442,35302;-19,28635
E4_Bvp;1652105442,36865;-21,23719
E4_Bvp;1652105442,38427;-23,46008
E4_Bvp;1652105442,3999;-25,73629
E4_Bvp;1652105442,41552;-27,67305
E4_Bvp;1652105442,43115;-28,8194
E4_Bvp;1652105442,44677;-28,68232
E4_Bvp;1652105442,4624;-26,92564
E4_Bvp;1652105442,47803;-23,44502
ManipulatedHR;1652105436,98317;91.56982
E4_Bvp;1652105442,49365;-18,49357
E4_Bvp;1652105442,50928;-12,59569
E4_Bvp;1652105442,5249;-6,450413
E4_Bvp;1652105442,54053;-0,7448769
E4_Bvp;1652105442,55615;4,001072
E4_Bvp;1652105442,57178;7,482002
E4_Hr;1652105436,98317;67,3653
E4_Ibi;1652105436,98317;0,8906662
E4_Bvp;1652105442,58741;9,613152
E4_Bvp;1652105442,60303;10,47686
E4_Bvp;1652105442,61866;10,23128
E4_Bvp;1652105442,63428;9,11412
E4_Bvp;1652105442,64991;7,413078
E4_Bvp;1652105442,66553;5,495533
E4_Bvp;1652105442,68116;3,781677
E4_Bvp;1652105442,69679;2,65514
E4_Bvp;1652105442,71241;2,373737
E4_Bvp;1652105442,72804;3,030151
E4_Bvp;1652105442,74366;4,491192
E4_Bvp;1652105442,75929;6,457237
E4_Bvp;1652105442,77491;8,569462
E4_Bvp;1652105442,79054;10,49006
E4_Bvp;1652105442,80617;11,98453
E4_Bvp;1652105442,82179;12,93976
E4_Bvp;1652105442,83742;13,3359
E4_Bvp;1652105442,85304;13,21566
E4_Bvp;1652105442,86867;12,65929
E4_Bvp;1652105442,88429;11,74869
E4_Bvp;1652105442,89992;10,5624
E4_Bvp;1652105442,91555;9,205864
E4_Bvp;1652105442,93117;7,805393
E4_Bvp;1652105442,9468;6,459171
E4_Bvp;1652105442,96242;5,244884
E4_Bvp;1652105442,97805;4,221268
E4_Bvp;1652105442,99367;3,38633
E4_Bvp;1652105443,0093;2,708557
E4_Bvp;1652105443,02493;2,115688
E4_Bvp;1652105443,04055;1,501701
E4_Bvp;1652105443,05618;0,7908173
E4_Bvp;1652105443,0718;-0,06455231
E4_Bvp;1652105443,08743;-1,07724
E4_Bvp;1652105443,10305;-2,184631
E4_Bvp;1652105443,11868;-3,273117
E4_Bvp;1652105443,13431;-4,243416
E4_Bvp;1652105443,14993;-5,017723
E4_Bvp;1652105443,16556;-5,589912
E4_Bvp;1652105443,18118;-6,037186
E4_Bvp;1652105443,19681;-6,47654
E4_Bvp;1652105443,21243;-7,070236
E4_Bvp;1652105443,22806;-7,97094
E4_Bvp;1652105443,24369;-9,295471
E4_Bvp;1652105443,25931;-11,09509
E4_Bvp;1652105443,27494;-13,29625
E4_Bvp;1652105443,29056;-15,67048
E4_Bvp;1652105443,30619;-17,85194
E4_Bvp;1652105443,32182;-19,38654
E4_Bvp;1652105443,33744;-19,82115
ManipulatedHR;1652105437,95197;94.69958
E4_Bvp;1652105443,35307;-18,83646
E4_Bvp;1652105443,36869;-16,32536
E4_Bvp;1652105443,38432;-12,4224
E4_Bvp;1652105443,39994;-7,518616
E4_Bvp;1652105443,41557;-2,15332
E4_Bvp;1652105443,4312;3,071259
E4_Bvp;1652105443,44682;7,606453
E4_Hr;1652105437,95197;61,93262
E4_Ibi;1652105437,95197;0,9687948
E4_Bvp;1652105443,46245;11,0494
E4_Bvp;1652105443,47807;13,21301
E4_Bvp;1652105443,4937;14,12278
E4_Bvp;1652105443,50932;13,96928
E4_Bvp;1652105443,52495;13,03615
E4_Bvp;1652105443,54058;11,60295
E4_Bvp;1652105443,5562;9,930901
E4_Bvp;1652105443,57183;8,248398
E4_Bvp;1652105443,58745;6,759033
E4_Bvp;1652105443,60308;5,661613
E4_Bvp;1652105443,6187;5,122299
E4_Bvp;1652105443,63433;5,218445
E4_Bvp;1652105443,64996;5,949783
E4_Bvp;1652105443,66558;7,202744
E4_Bvp;1652105443,68121;8,764771
E4_Bvp;1652105443,69683;10,3791
E4_Bvp;1652105443,71246;11,78011
E4_Bvp;1652105443,72808;12,75179
E4_Bvp;1652105443,74371;13,16435
E4_Bvp;1652105443,75934;12,99812
E4_Bvp;1652105443,77496;12,32621
E4_Bvp;1652105443,79059;11,2911
E4_Bvp;1652105443,80621;10,03931
E4_Bvp;1652105443,82184;8,67466
E4_Bvp;1652105443,83746;7,236679
E4_Bvp;1652105443,85309;5,740013
E4_Gsr;1652105442,408;0,05510719
E4_Gsr;1652105442,658;0,05126251
E4_Gsr;1652105442,908;0,05254406
E4_Gsr;1652105443,158;0,05254406
E4_Gsr;1652105443,408;0,05254406
E4_Gsr;1652105443,658;0,05510719
E4_Bvp;1652105443,86872;4,175819
E4_Bvp;1652105443,88434;2,601913
E4_Bvp;1652105443,89997;1,110817
E4_Bvp;1652105443,91559;-0,2138977
E4_Bvp;1652105443,93122;-1,313766
E4_Bvp;1652105443,94684;-2,22226
E4_Bvp;1652105443,96247;-3,01796
E4_Bvp;1652105443,9781;-3,792
E4_Bvp;1652105443,99372;-4,639656
E4_Bvp;1652105444,00935;-5,627533
E4_Bvp;1652105444,02497;-6,748245
E4_Bvp;1652105444,0406;-7,947731
E4_Bvp;1652105444,05622;-9,155731
E4_Bvp;1652105444,07185;-10,30049
E4_Bvp;1652105444,08748;-11,33571
E4_Bvp;1652105444,1031;-12,23918
E4_Bvp;1652105444,11873;-12,99807
E4_Bvp;1652105444,13435;-13,65578
E4_Bvp;1652105444,14998;-14,30806
E4_Bvp;1652105444,1656;-15,14182
E4_Bvp;1652105444,18123;-16,37373
E4_Bvp;1652105444,19686;-18,15037
E4_Bvp;1652105444,21248;-20,41393
E4_Bvp;1652105444,22811;-22,82724
E4_Bvp;1652105444,24373;-24,82201
E4_Bvp;1652105444,25936;-25,68424
E4_Bvp;1652105444,27498;-24,85236
E4_Bvp;1652105444,29061;-22,03429
E4_Bvp;1652105444,30624;-17,40714
E4_Bvp;1652105444,32186;-11,54054
E4_Bvp;1652105444,33749;-5,248322
E4_Bvp;1652105444,35311;0,6845932
E4_Bvp;1652105444,36874;5,646187
ManipulatedHR;1652105438,82701;107.2191
E4_Bvp;1652105444,38436;9,307213
E4_Hr;1652105438,82701;68,56825
E4_Ibi;1652105438,82701;0,8750405
E4_Bvp;1652105444,39999;11,62267
E4_Bvp;1652105444,41562;12,70582
E4_Bvp;1652105444,43124;12,79832
E4_Bvp;1652105444,44687;12,11777
E4_Bvp;1652105444,46249;10,90018
E4_Bvp;1652105444,47812;9,407402
E4_Bvp;1652105444,49374;7,94001
E4_Bvp;1652105444,50937;6,783104
E4_Bvp;1652105444,525;6,171349
E4_Bvp;1652105444,54062;6,229561
E4_Bvp;1652105444,55625;6,913521
E4_Bvp;1652105444,57187;8,03936
E4_Bvp;1652105444,5875;9,384315
E4_Bvp;1652105444,60312;10,75396
E4_Bvp;1652105444,61875;12,01705
E4_Bvp;1652105444,63438;13,07867
E4_Bvp;1652105444,65;13,85165
E4_Bvp;1652105444,66563;14,24232
E4_Bvp;1652105444,68125;14,14042
E4_Bvp;1652105444,69688;13,50322
E4_Bvp;1652105444,7125;12,37297
E4_Bvp;1652105444,72813;10,8949
E4_Bvp;1652105444,74376;9,256462
E4_Bvp;1652105444,75938;7,65477
E4_Bvp;1652105444,77501;6,176254
E4_Bvp;1652105444,79063;4,879242
E4_Bvp;1652105444,80626;3,787483
E4_Bvp;1652105444,82188;2,905525
E4_Bvp;1652105444,83751;2,224022
E4_Bvp;1652105444,85314;1,685768
E4_Bvp;1652105444,86876;1,151001
E4_Bvp;1652105444,88439;0,4951324
E4_Bvp;1652105444,90001;-0,3234253
E4_Bvp;1652105444,91564;-1,264778
E4_Bvp;1652105444,93126;-2,158737
E4_Bvp;1652105444,94689;-2,885246
E4_Bvp;1652105444,96252;-3,443062
E4_Bvp;1652105444,97814;-3,998131
E4_Bvp;1652105444,99377;-4,773903
E4_Bvp;1652105445,00939;-5,973236
E4_Bvp;1652105445,02502;-7,5942
E4_Bvp;1652105445,04064;-9,400558
E4_Bvp;1652105445,05627;-11,08391
E4_Bvp;1652105445,0719;-12,39626
E4_Bvp;1652105445,08752;-13,30994
E4_Bvp;1652105445,10315;-14,04494
E4_Bvp;1652105445,11877;-14,94066
E4_Bvp;1652105445,1344;-16,29046
E4_Bvp;1652105445,15002;-18,21205
E4_Bvp;1652105445,16565;-20,58312
E4_Bvp;1652105445,18128;-23,10638
E4_Bvp;1652105445,1969;-25,36177
E4_Bvp;1652105445,21253;-26,89246
E4_Bvp;1652105445,22815;-27,26548
ManipulatedHR;1652105439,76455;97.68597
E4_Bvp;1652105445,24378;-26,13953
E4_Bvp;1652105445,2594;-23,32363
E4_Bvp;1652105445,27503;-18,86033
E4_Bvp;1652105445,29066;-13,13274
E4_Bvp;1652105445,30628;-6,809685
E4_Bvp;1652105445,32191;-0,731926
E4_Bvp;1652105445,33753;4,301285
E4_Bvp;1652105445,35316;7,793304
E4_Hr;1652105439,76455;63,99704
E4_Ibi;1652105439,76455;0,9375434
E4_Bvp;1652105445,36878;9,645515
E4_Bvp;1652105445,38441;10,13983
E4_Bvp;1652105445,40004;9,774734
E4_Gsr;1652105443,908;0,05382563
E4_Gsr;1652105444,158;0,05510719
E4_Gsr;1652105444,408;0,05638875
E4_Gsr;1652105444,658;0,05510719
E4_Gsr;1652105444,908;0,05126251
E4_Gsr;1652105445,158;0,05254406
E4_Bvp;1652105445,41566;9,089645
E4_Bvp;1652105445,43129;8,475693
E4_Bvp;1652105445,44691;8,114258
E4_Bvp;1652105445,46254;7,98983
E4_Bvp;1652105445,47816;8,003265
E4_Bvp;1652105445,49379;8,076668
E4_Bvp;1652105445,50942;8,196617
E4_Bvp;1652105445,52504;8,445313
E4_Bvp;1652105445,54067;8,912933
E4_Bvp;1652105445,55629;9,659492
E4_Bvp;1652105445,57192;10,61827
E4_Bvp;1652105445,58754;11,6348
E4_Bvp;1652105445,60317;12,51018
E4_Bvp;1652105445,6188;13,06836
E4_Bvp;1652105445,63442;13,22319
E4_Bvp;1652105445,65005;12,9949
E4_Bvp;1652105445,66567;12,43459
E4_Bvp;1652105445,6813;11,55698
E4_Bvp;1652105445,69692;10,35329
E4_Bvp;1652105445,71255;8,780144
E4_Bvp;1652105445,72818;6,879631
E4_Bvp;1652105445,7438;4,797035
E4_Bvp;1652105445,75943;2,803772
E4_Bvp;1652105445,77505;1,191589
E4_Bvp;1652105445,79068;0,1411133
E4_Bvp;1652105445,8063;-0,3387604
E4_Bvp;1652105445,82193;-0,4659195
E4_Bvp;1652105445,83756;-0,5432816
E4_Bvp;1652105445,85318;-0,8362656
E4_Bvp;1652105445,86881;-1,462372
E4_Bvp;1652105445,88443;-2,337021
E4_Bvp;1652105445,90006;-3,244804
E4_Bvp;1652105445,91568;-3,957909
E4_Bvp;1652105445,93131;-4,345291
E4_Bvp;1652105445,94694;-4,406631
E4_Bvp;1652105445,96256;-4,286255
E4_Bvp;1652105445,97819;-4,181313
E4_Bvp;1652105445,99381;-4,249031
E4_Bvp;1652105446,00944;-4,600899
E4_Bvp;1652105446,02507;-5,265533
E4_Bvp;1652105446,04069;-6,239479
E4_Bvp;1652105446,05632;-7,478546
E4_Bvp;1652105446,07194;-8,95787
E4_Bvp;1652105446,08757;-10,61957
E4_Bvp;1652105446,10319;-12,41029
E4_Bvp;1652105446,11882;-14,2238
E4_Bvp;1652105446,13445;-15,96915
E4_Bvp;1652105446,15007;-17,59823
E4_Bvp;1652105446,1657;-19,15844
E4_Bvp;1652105446,18132;-20,75093
E4_Bvp;1652105446,19695;-22,41274
E4_Bvp;1652105446,21257;-24,08204
E4_Bvp;1652105446,2282;-25,39358
E4_Bvp;1652105446,24383;-25,84162
E4_Bvp;1652105446,25945;-24,87716
ManipulatedHR;1652105440,73335;69.1607
E4_Bvp;1652105446,27508;-22,18889
E4_Bvp;1652105446,2907;-17,87291
E4_Bvp;1652105446,30633;-12,42455
E4_Bvp;1652105446,32195;-6,5718
E4_Bvp;1652105446,33758;-1,067345
E4_Bvp;1652105446,35321;3,562187
E4_Bvp;1652105446,36883;7,06041
E4_Hr;1652105440,73335;61,93262
E4_Ibi;1652105440,73335;0,9687948
E4_Bvp;1652105446,38446;9,408966
E4_Bvp;1652105446,40008;10,72096
E4_Bvp;1652105446,41571;11,13127
E4_Bvp;1652105446,43133;10,79029
E4_Bvp;1652105446,44696;9,862976
E4_Bvp;1652105446,46259;8,587387
E4_Bvp;1652105446,47821;7,21788
E4_Bvp;1652105446,49384;6,035965
E4_Bvp;1652105446,50946;5,273964
E4_Bvp;1652105446,52509;5,079674
E4_Bvp;1652105446,54071;5,516518
E4_Bvp;1652105446,55634;6,548332
E4_Bvp;1652105446,57197;8,060539
E4_Bvp;1652105446,58759;9,817093
E4_Bvp;1652105446,60322;11,51857
E4_Bvp;1652105446,61884;12,86243
E4_Bvp;1652105446,63447;13,63261
E4_Bvp;1652105446,65009;13,78638
E4_Bvp;1652105446,66572;13,43924
E4_Bvp;1652105446,68135;12,80415
E4_Bvp;1652105446,69697;12,08869
E4_Bvp;1652105446,7126;11,38716
E4_Bvp;1652105446,72822;10,65965
E4_Bvp;1652105446,74385;9,792068
E4_Bvp;1652105446,75947;8,696487
E4_Bvp;1652105446,7751;7,391754
E4_Gsr;1652105445,408;0,05126251
E4_Gsr;1652105445,658;0,05126251
E4_Gsr;1652105445,908;0,05126251
E4_Gsr;1652105446,158;0,05510719
E4_Gsr;1652105446,408;0,05382563
E4_Gsr;1652105446,658;0,05638875
E4_Bvp;1652105446,79073;6,024994
E4_Bvp;1652105446,80635;4,763481
E4_Bvp;1652105446,82198;3,779167
E4_Bvp;1652105446,8376;3,129128
E4_Bvp;1652105446,85323;2,779663
E4_Bvp;1652105446,86885;2,621246
E4_Bvp;1652105446,88448;2,515984
E4_Bvp;1652105446,90011;2,337433
E4_Bvp;1652105446,91573;2,009674
E4_Bvp;1652105446,93136;1,516792
E4_Bvp;1652105446,94698;0,8830719
E4_Bvp;1652105446,96261;0,1607895
E4_Bvp;1652105446,97823;-0,6529236
E4_Bvp;1652105446,99386;-1,586136
E4_Bvp;1652105447,00949;-2,732529
E4_Bvp;1652105447,02511;-4,172806
E4_Bvp;1652105447,04074;-5,922531
E4_Bvp;1652105447,05636;-7,895851
E4_Bvp;1652105447,07199;-9,901039
E4_Bvp;1652105447,08761;-11,75829
E4_Bvp;1652105447,10324;-13,34032
E4_Bvp;1652105447,11887;-14,70003
E4_Bvp;1652105447,13449;-16,01997
E4_Bvp;1652105447,15012;-17,55566
E4_Bvp;1652105447,16574;-19,45837
E4_Bvp;1652105447,18137;-21,65936
E4_Bvp;1652105447,19699;-23,82199
E4_Bvp;1652105447,21262;-25,40472
E4_Bvp;1652105447,22825;-25,85772
E4_Bvp;1652105447,24387;-24,7489
E4_Bvp;1652105447,2595;-21,93385
E4_Bvp;1652105447,27512;-17,60013
E4_Bvp;1652105447,29075;-12,18828
ManipulatedHR;1652105441,74902;82.14144
E4_Bvp;1652105447,30637;-6,324356
E4_Bvp;1652105447,322;-0,6508713
E4_Bvp;1652105447,33763;4,266411
E4_Bvp;1652105447,35325;8,027962
E4_Hr;1652105441,74902;59,07418
E4_Ibi;1652105441,74902;1,015672
E4_Bvp;1652105447,36888;10,48084
E4_Bvp;1652105447,3845;11,69765
E4_Bvp;1652105447,40013;11,9185
E4_Bvp;1652105447,41575;11,42747
E4_Bvp;1652105447,43138;10,52623
E4_Bvp;1652105447,44701;9,427444
E4_Bvp;1652105447,46263;8,293282
E4_Bvp;1652105447,47826;7,289246
E4_Bvp;1652105447,49388;6,600372
E4_Bvp;1652105447,50951;6,438789
E4_Bvp;1652105447,52513;6,952492
E4_Bvp;1652105447,54076;8,190659
E4_Bvp;1652105447,55639;10,02334
E4_Bvp;1652105447,57201;12,20137
E4_Bvp;1652105447,58764;14,34825
E4_Bvp;1652105447,60326;16,11847
E4_Bvp;1652105447,61889;17,26575
E4_Bvp;1652105447,63451;17,68394
E4_Bvp;1652105447,65014;17,46039
E4_Bvp;1652105447,66577;16,78377
E4_Bvp;1652105447,68139;15,86394
E4_Bvp;1652105447,69702;14,81409
E4_Bvp;1652105447,71264;13,6638
E4_Bvp;1652105447,72827;12,32759
E4_Bvp;1652105447,74389;10,73655
E4_Bvp;1652105447,75952;8,949097
E4_Bvp;1652105447,77515;7,146515
E4_Bvp;1652105447,79077;5,575069
E4_Bvp;1652105447,8064;4,436184
E4_Bvp;1652105447,82202;3,781403
E4_Bvp;1652105447,83765;3,469398
E4_Bvp;1652105447,85327;3,256443
E4_Bvp;1652105447,8689;2,89053
E4_Bvp;1652105447,88453;2,221233
E4_Bvp;1652105447,90015;1,267368
E4_Bvp;1652105447,91578;0,1457634
E4_Bvp;1652105447,9314;-1,002403
E4_Bvp;1652105447,94703;-2,075607
E4_Bvp;1652105447,96265;-3,067741
E4_Bvp;1652105447,97828;-4,009731
E4_Bvp;1652105447,99391;-4,961361
E4_Bvp;1652105448,00953;-5,998257
E4_Bvp;1652105448,02516;-7,192173
E4_Bvp;1652105448,04078;-8,58672
E4_Bvp;1652105448,05641;-10,17605
E4_Bvp;1652105448,07203;-11,88877
E4_Bvp;1652105448,08766;-13,62856
E4_Bvp;1652105448,10329;-15,31478
E4_Bvp;1652105448,11891;-16,91477
E4_Bvp;1652105448,13454;-18,48621
E4_Bvp;1652105448,15016;-20,14656
E4_Bvp;1652105448,16579;-22,01484
E4_Bvp;1652105448,18142;-24,12797
E4_Bvp;1652105448,19704;-26,38656
E4_Bvp;1652105448,21267;-28,51561
E4_Bvp;1652105448,22829;-30,04964
E4_Bvp;1652105448,24392;-30,4469
E4_Bvp;1652105448,25954;-29,20301
E4_Bvp;1652105448,27517;-26,02224
E4_Bvp;1652105448,2908;-21,02237
E4_Bvp;1652105448,30642;-14,70363
E4_Bvp;1652105448,32205;-7,895565
E4_Gsr;1652105446,908;0,05510719
E4_Gsr;1652105447,158;0,05638875
E4_Gsr;1652105447,408;0,05254406
E4_Gsr;1652105447,658;0,05126251
E4_Gsr;1652105447,908;0,05254406
E4_Gsr;1652105448,158;0,05254406
ManipulatedHR;1652105442,73344;97.15349
E4_Bvp;1652105448,33767;-1,469955
E4_Bvp;1652105448,3533;3,896599
E4_Bvp;1652105448,36892;7,911434
E4_Hr;1652105442,73344;60,94956
E4_Ibi;1652105442,73344;0,9844205
E4_Bvp;1652105448,38455;10,61165
E4_Bvp;1652105448,40018;12,2645
E4_Bvp;1652105448,4158;13,16127
E4_Bvp;1652105448,43143;13,49224
E4_Bvp;1652105448,44705;13,36849
E4_Bvp;1652105448,46268;12,87271
E4_Bvp;1652105448,4783;12,14682
E4_Bvp;1652105448,49393;11,40182
E4_Bvp;1652105448,50956;10,85533
E4_Bvp;1652105448,52518;10,68139
E4_Bvp;1652105448,54081;10,93833
E4_Bvp;1652105448,55643;11,61308
E4_Bvp;1652105448,57206;12,61467
E4_Bvp;1652105448,58768;13,82373
E4_Bvp;1652105448,60331;15,10196
E4_Bvp;1652105448,61894;16,31044
E4_Bvp;1652105448,63456;17,32996
E4_Bvp;1652105448,65019;18,05053
E4_Bvp;1652105448,66581;18,39579
E4_Bvp;1652105448,68144;18,32807
E4_Bvp;1652105448,69706;17,83319
E4_Bvp;1652105448,71269;16,90862
E4_Bvp;1652105448,72832;15,56048
E4_Bvp;1652105448,74394;13,84136
E4_Bvp;1652105448,75957;11,89264
E4_Bvp;1652105448,77519;9,933985
E4_Bvp;1652105448,79082;8,214359
E4_Bvp;1652105448,80644;6,930384
E4_Bvp;1652105448,82207;6,130819
E4_Bvp;1652105448,8377;5,685888
E4_Bvp;1652105448,85332;5,354584
E4_Bvp;1652105448,86895;4,904877
E4_Bvp;1652105448,88457;4,175549
E4_Bvp;1652105448,9002;3,162617
E4_Bvp;1652105448,91582;1,98443
E4_Bvp;1652105448,93145;0,7998295
E4_Bvp;1652105448,94708;-0,2330742
E4_Bvp;1652105448,9627;-1,016504
E4_Bvp;1652105448,97833;-1,539345
E4_Bvp;1652105448,99395;-1,853685
E4_Bvp;1652105449,00958;-2,087444
E4_Bvp;1652105449,0252;-2,435797
E4_Bvp;1652105449,04083;-3,11228
E4_Bvp;1652105449,05646;-4,27799
E4_Bvp;1652105449,07208;-5,973167
E4_Bvp;1652105449,08771;-8,07888
E4_Bvp;1652105449,10333;-10,35773
E4_Bvp;1652105449,11896;-12,5466
E4_Bvp;1652105449,13458;-14,47182
E4_Bvp;1652105449,15021;-16,12226
E4_Bvp;1652105449,16584;-17,67453
E4_Bvp;1652105449,18146;-19,36506
E4_Bvp;1652105449,19709;-21,39692
E4_Bvp;1652105449,21271;-23,81971
E4_Bvp;1652105449,22834;-26,48562
E4_Bvp;1652105449,24396;-29,08144
E4_Bvp;1652105449,25959;-31,16728
E4_Bvp;1652105449,27522;-32,28214
E4_Bvp;1652105449,29084;-31,98309
E4_Bvp;1652105449,30647;-29,95773
E4_Bvp;1652105449,32209;-26,1018
E4_Bvp;1652105449,33772;-20,6049
E4_Bvp;1652105449,35334;-13,98109
ManipulatedHR;1652105443,74911;96.8828
E4_Bvp;1652105449,36897;-6,964427
E4_Bvp;1652105449,3846;-0,3663492
E4_Bvp;1652105449,40022;5,172379
E4_Bvp;1652105449,41585;9,30267
E4_Hr;1652105443,74911;59,07419
E4_Ibi;1652105443,74911;1,015672
E4_Bvp;1652105449,43147;11,9962
E4_Bvp;1652105449,4471;13,42535
E4_Bvp;1652105449,46272;13,8423
E4_Bvp;1652105449,47835;13,46814
E4_Bvp;1652105449,49398;12,48826
E4_Bvp;1652105449,5096;11,11945
E4_Bvp;1652105449,52523;9,652353
E4_Bvp;1652105449,54085;8,461348
E4_Bvp;1652105449,55648;7,865509
E4_Bvp;1652105449,5721;8,038706
E4_Bvp;1652105449,58773;8,963709
E4_Bvp;1652105449,60336;10,45614
E4_Bvp;1652105449,61898;12,26611
E4_Bvp;1652105449,63461;14,17162
E4_Bvp;1652105449,65023;16,0058
E4_Bvp;1652105449,66586;17,62644
E4_Bvp;1652105449,68148;18,88329
E4_Bvp;1652105449,69711;19,60247
E4_Bvp;1652105449,71274;19,64415
E4_Bvp;1652105449,72836;18,96896
E4_Bvp;1652105449,74399;17,66424
E4_Bvp;1652105449,75961;15,9452
E4_Bvp;1652105449,77524;14,05968
E4_Bvp;1652105449,79086;12,23017
E4_Bvp;1652105449,80649;10,57383
E4_Bvp;1652105449,82212;9,09837
E4_Bvp;1652105449,83774;7,777218
E4_Bvp;1652105449,85337;6,60223
E4_Bvp;1652105449,86899;5,598218
E4_Gsr;1652105448,408;0,05638875
E4_Gsr;1652105448,658;0,05382563
E4_Gsr;1652105448,908;0,05638875
E4_Gsr;1652105449,158;0,05510719
E4_Gsr;1652105449,408;0,05510719
E4_Gsr;1652105449,658;0,05638875
E4_Bvp;1652105449,88462;4,84083
E4_Bvp;1652105449,90024;4,347092
E4_Bvp;1652105449,91587;4,084391
E4_Bvp;1652105449,9315;3,924337
E4_Bvp;1652105449,94712;3,716116
E4_Bvp;1652105449,96275;3,303459
E4_Bvp;1652105449,97837;2,620452
E4_Bvp;1652105449,994;1,666361
E4_Bvp;1652105450,00962;0,4884825
E4_Bvp;1652105450,02525;-0,8203135
E4_Bvp;1652105450,04088;-2,18148
E4_Bvp;1652105450,0565;-3,525106
E4_Bvp;1652105450,07213;-4,813657
E4_Bvp;1652105450,08775;-6,032196
E4_Bvp;1652105450,10338;-7,210983
E4_Bvp;1652105450,119;-8,406374
E4_Bvp;1652105450,13463;-9,694149
E4_Bvp;1652105450,15026;-11,11029
E4_Bvp;1652105450,16588;-12,6343
E4_Bvp;1652105450,18151;-14,19849
E4_Bvp;1652105450,19713;-15,74025
E4_Bvp;1652105450,21276;-17,25713
E4_Bvp;1652105450,22838;-18,84258
E4_Bvp;1652105450,24401;-20,64517
E4_Bvp;1652105450,25964;-22,77533
E4_Bvp;1652105450,27526;-25,19542
E4_Bvp;1652105450,29089;-27,64427
E4_Bvp;1652105450,30651;-29,61982
E4_Bvp;1652105450,32214;-30,51498
E4_Bvp;1652105450,33776;-29,75871
E4_Bvp;1652105450,35339;-27,0276
E4_Bvp;1652105450,36902;-22,38332
E4_Bvp;1652105450,38464;-16,26515
ManipulatedHR;1652105444,79604;76.29318
E4_Bvp;1652105450,40027;-9,399628
E4_Bvp;1652105450,41589;-2,587582
E4_Bvp;1652105450,43152;3,468943
E4_Bvp;1652105450,44714;8,323105
E4_Hr;1652105444,79604;57,31078
E4_Ibi;1652105444,79604;1,046923
E4_Bvp;1652105450,46277;11,80587
E4_Bvp;1652105450,4784;14,00668
E4_Bvp;1652105450,49402;15,11707
E4_Bvp;1652105450,50965;15,32462
E4_Bvp;1652105450,52527;14,80296
E4_Bvp;1652105450,5409;13,70927
E4_Bvp;1652105450,55652;12,26491
E4_Bvp;1652105450,57215;10,75468
E4_Bvp;1652105450,58778;9,512093
E4_Bvp;1652105450,6034;8,84623
E4_Bvp;1652105450,61903;8,979465
E4_Bvp;1652105450,63465;9,913456
E4_Bvp;1652105450,65028;11,47626
E4_Bvp;1652105450,66591;13,38932
E4_Bvp;1652105450,68153;15,32803
E4_Bvp;1652105450,69716;17,05373
E4_Bvp;1652105450,71278;18,4098
E4_Bvp;1652105450,72841;19,33366
E4_Bvp;1652105450,74403;19,78786
E4_Bvp;1652105450,75966;19,76009
E4_Bvp;1652105450,77529;19,21112
E4_Bvp;1652105450,79091;18,13325
E4_Bvp;1652105450,80654;16,59451
E4_Bvp;1652105450,82216;14,72631
E4_Bvp;1652105450,83779;12,74028
E4_Bvp;1652105450,85341;10,88228
E4_Bvp;1652105450,86904;9,341747
E4_Bvp;1652105450,88467;8,169247
E4_Bvp;1652105450,90029;7,287857
E4_Bvp;1652105450,91592;6,550316
E4_Bvp;1652105450,93154;5,80405
E4_Bvp;1652105450,94717;4,999012
E4_Bvp;1652105450,96279;4,147854
E4_Bvp;1652105450,97842;3,331234
E4_Bvp;1652105450,99405;2,629963
E4_Bvp;1652105451,00967;2,063755
E4_Bvp;1652105451,0253;1,582905
E4_Bvp;1652105451,04092;1,074787
E4_Bvp;1652105451,05655;0,4145088
E4_Bvp;1652105451,07217;-0,5300369
E4_Bvp;1652105451,0878;-1,818157
E4_Bvp;1652105451,10343;-3,456001
E4_Bvp;1652105451,11905;-5,344688
E4_Bvp;1652105451,13468;-7,349796
E4_Bvp;1652105451,1503;-9,338326
E4_Bvp;1652105451,16593;-11,18485
E4_Bvp;1652105451,18155;-12,82553
E4_Bvp;1652105451,19718;-14,24793
E4_Bvp;1652105451,21281;-15,54862
E4_Bvp;1652105451,22843;-16,84716
E4_Bvp;1652105451,24406;-18,33581
E4_Bvp;1652105451,25968;-20,20158
E4_Bvp;1652105451,27531;-22,51281
E4_Bvp;1652105451,29093;-25,13654
E4_Bvp;1652105451,30656;-27,66088
E4_Bvp;1652105451,32219;-29,45608
E4_Bvp;1652105451,33781;-29,83803
E4_Bvp;1652105451,35344;-28,31823
E4_Bvp;1652105451,36906;-24,7281
E4_Bvp;1652105451,38469;-19,30655
E4_Bvp;1652105451,40031;-12,63825
E4_Bvp;1652105451,41594;-5,429276
E4_Gsr;1652105449,908;0,05638875
E4_Gsr;1652105450,158;0,05254406
E4_Gsr;1652105450,408;0,05254406
E4_Gsr;1652105450,658;0,05254406
E4_Gsr;1652105450,908;0,05254406
E4_Gsr;1652105451,158;0,05254406
ManipulatedHR;1652105445,82733;106.7859
E4_Bvp;1652105451,43157;1,586449
E4_Bvp;1652105451,44719;7,783287
E4_Hr;1652105445,82733;58,17912
E4_Ibi;1652105445,82733;1,031298
E4_Bvp;1652105451,46282;12,73259
E4_Bvp;1652105451,47844;16,1781
E4_Bvp;1652105451,49407;18,01202
E4_Bvp;1652105451,50969;18,32985
E4_Bvp;1652105451,52532;17,38728
E4_Bvp;1652105451,54095;15,59543
E4_Bvp;1652105451,55657;13,48383
E4_Bvp;1652105451,5722;11,56895
E4_Bvp;1652105451,58782;10,25031
E4_Bvp;1652105451,60345;9,733727
E4_Bvp;1652105451,61907;10,03338
E4_Bvp;1652105451,6347;10,97436
E4_Bvp;1652105451,65033;12,33263
E4_Bvp;1652105451,66595;13,88705
E4_Bvp;1652105451,68158;15,48796
E4_Bvp;1652105451,6972;17,04169
E4_Bvp;1652105451,71283;18,44026
E4_Bvp;1652105451,72845;19,55646
E4_Bvp;1652105451,74408;20,26388
E4_Bvp;1652105451,75971;20,47149
E4_Bvp;1652105451,77533;20,12991
E4_Bvp;1652105451,79096;19,28108
E4_Bvp;1652105451,80658;18,05621
E4_Bvp;1652105451,82221;16,57972
E4_Bvp;1652105451,83783;14,98586
E4_Bvp;1652105451,85346;13,34606
E4_Bvp;1652105451,86909;11,68794
E4_Bvp;1652105451,88471;10,06356
E4_Bvp;1652105451,90034;8,521004
E4_Bvp;1652105451,91596;7,153542
E4_Bvp;1652105451,93159;6,032227
E4_Bvp;1652105451,94721;5,198784
E4_Bvp;1652105451,96284;4,573776
E4_Bvp;1652105451,97847;4,02739
E4_Bvp;1652105451,99409;3,413422
E4_Bvp;1652105452,00972;2,620682
E4_Bvp;1652105452,02534;1,633194
E4_Bvp;1652105452,04097;0,491188
E4_Bvp;1652105452,05659;-0,776001
E4_Bvp;1652105452,07222;-2,1558
E4_Bvp;1652105452,08785;-3,673599
E4_Bvp;1652105452,10347;-5,367943
E4_Bvp;1652105452,1191;-7,231094
E4_Bvp;1652105452,13472;-9,178917
E4_Bvp;1652105452,15035;-11,10272
E4_Bvp;1652105452,16597;-12,92248
E4_Bvp;1652105452,1816;-14,63214
E4_Bvp;1652105452,19723;-16,25532
E4_Bvp;1652105452,21285;-17,82393
E4_Bvp;1652105452,22848;-19,3411
E4_Bvp;1652105452,2441;-20,79884
E4_Bvp;1652105452,25973;-22,21517
E4_Bvp;1652105452,27535;-23,68741
E4_Bvp;1652105452,29098;-25,40548
E4_Bvp;1652105452,30661;-27,51382
E4_Bvp;1652105452,32223;-29,98297
E4_Bvp;1652105452,33786;-32,47535
E4_Bvp;1652105452,35348;-34,35658
E4_Bvp;1652105452,36911;-34,85466
E4_Bvp;1652105452,38473;-33,3359
E4_Bvp;1652105452,40036;-29,56018
E4_Bvp;1652105452,41599;-23,7959
E4_Bvp;1652105452,43161;-16,75838
E4_Bvp;1652105452,44724;-9,324448
ManipulatedHR;1652105446,82738;111.2295
E4_Bvp;1652105452,46286;-2,311996
E4_Bvp;1652105452,47849;3,727402
E4_Bvp;1652105452,49411;8,535713
E4_Hr;1652105446,82738;59,99723
E4_Ibi;1652105446,82738;1,000046
E4_Bvp;1652105452,50974;12,03354
E4_Bvp;1652105452,52537;14,27993
E4_Bvp;1652105452,54099;15,38133
E4_Bvp;1652105452,55662;15,51879
E4_Bvp;1652105452,57224;14,95023
E4_Bvp;1652105452,58787;14,03264
E4_Bvp;1652105452,60349;13,14145
E4_Bvp;1652105452,61912;12,56413
E4_Bvp;1652105452,63475;12,45757
E4_Bvp;1652105452,65037;12,85545
E4_Bvp;1652105452,666;13,71455
E4_Bvp;1652105452,68162;14,9533
E4_Bvp;1652105452,69725;16,48648
E4_Bvp;1652105452,71287;18,16694
E4_Bvp;1652105452,7285;19,79003
E4_Bvp;1652105452,74413;21,13577
E4_Bvp;1652105452,75975;22,00988
E4_Bvp;1652105452,77538;22,31481
E4_Bvp;1652105452,791;22,06011
E4_Gsr;1652105451,408;0,05254406
E4_Gsr;1652105451,658;0,05510719
E4_Gsr;1652105451,908;0,05510719
E4_Gsr;1652105452,158;0,05510719
E4_Gsr;1652105452,408;0,05510719
E4_Gsr;1652105452,658;0,05254406
E4_Bvp;1652105452,80663;21,32666
E4_Bvp;1652105452,82225;20,21587
E4_Bvp;1652105452,83788;18,79323
E4_Bvp;1652105452,85351;17,09969
E4_Bvp;1652105452,86913;15,2077
E4_Bvp;1652105452,88476;13,2118
E4_Bvp;1652105452,90038;11,22434
E4_Bvp;1652105452,91601;9,377777
E4_Bvp;1652105452,93163;7,760094
E4_Bvp;1652105452,94726;6,446144
E4_Bvp;1652105452,96289;5,459976
E4_Bvp;1652105452,97851;4,761566
E4_Bvp;1652105452,99414;4,288734
E4_Bvp;1652105453,00976;3,94548
E4_Bvp;1652105453,02539;3,624809
E4_Bvp;1652105453,04102;3,247665
E4_Bvp;1652105453,05664;2,743095
E4_Bvp;1652105453,07227;2,072067
E4_Bvp;1652105453,08789;1,228546
E4_Bvp;1652105453,10352;0,223793
E4_Bvp;1652105453,11914;-0,901062
E4_Bvp;1652105453,13477;-2,079315
E4_Bvp;1652105453,1504;-3,24897
E4_Bvp;1652105453,16602;-4,37664
E4_Bvp;1652105453,18165;-5,509766
E4_Bvp;1652105453,19727;-6,769585
E4_Bvp;1652105453,2129;-8,311546
E4_Bvp;1652105453,22852;-10,25232
E4_Bvp;1652105453,24415;-12,58623
E4_Bvp;1652105453,25978;-15,19221
E4_Bvp;1652105453,2754;-17,83595
E4_Bvp;1652105453,29103;-20,24905
E4_Bvp;1652105453,30665;-22,25713
E4_Bvp;1652105453,32228;-23,81071
E4_Bvp;1652105453,3379;-25,04261
E4_Bvp;1652105453,35353;-26,23605
E4_Bvp;1652105453,36916;-27,68726
E4_Bvp;1652105453,38478;-29,52596
E4_Bvp;1652105453,40041;-31,58331
E4_Bvp;1652105453,41603;-33,34706
E4_Bvp;1652105453,43166;-34,08957
E4_Bvp;1652105453,44728;-33,1443
E4_Bvp;1652105453,46291;-30,134
E4_Bvp;1652105453,47854;-25,12748
ManipulatedHR;1652105447,8743;113.0733
E4_Bvp;1652105453,49416;-18,62752
E4_Bvp;1652105453,50979;-11,38207
E4_Bvp;1652105453,52541;-4,171318
E4_Bvp;1652105453,54104;2,36248
E4_Bvp;1652105453,55666;7,788231
E4_Bvp;1652105453,57229;11,89729
E4_Hr;1652105447,8743;57,31078
E4_Ibi;1652105447,8743;1,046923
E4_Bvp;1652105453,58792;14,6344
E4_Bvp;1652105453,60354;16,06445
E4_Bvp;1652105453,61917;16,35877
E4_Bvp;1652105453,63479;15,76389
E4_Bvp;1652105453,65042;14,58175
E4_Bvp;1652105453,66604;13,14072
E4_Bvp;1652105453,68167;11,73856
E4_Bvp;1652105453,6973;10,63321
E4_Bvp;1652105453,71292;10,0454
E4_Bvp;1652105453,72855;10,0934
E4_Bvp;1652105453,74417;10,79814
E4_Bvp;1652105453,7598;12,06224
E4_Bvp;1652105453,77542;13,67618
E4_Bvp;1652105453,79105;15,37975
E4_Bvp;1652105453,80668;16,91739
E4_Bvp;1652105453,8223;18,08531
E4_Bvp;1652105453,83793;18,76778
E4_Bvp;1652105453,85355;18,95554
E4_Bvp;1652105453,86918;18,67977
E4_Bvp;1652105453,8848;17,9792
E4_Bvp;1652105453,90043;16,88868
E4_Bvp;1652105453,91606;15,41694
E4_Bvp;1652105453,93168;13,62369
E4_Bvp;1652105453,94731;11,65972
E4_Bvp;1652105453,96293;9,740089
E4_Bvp;1652105453,97856;8,118187
E4_Bvp;1652105453,99418;6,925674
E4_Bvp;1652105454,00981;6,136833
E4_Bvp;1652105454,02544;5,571388
E4_Bvp;1652105454,04106;5,040733
E4_Bvp;1652105454,05669;4,410812
E4_Bvp;1652105454,07231;3,682259
E4_Bvp;1652105454,08794;2,968246
E4_Bvp;1652105454,10356;2,355705
E4_Bvp;1652105454,11919;1,855774
E4_Bvp;1652105454,13482;1,350777
E4_Bvp;1652105454,15044;0,6802673
E4_Bvp;1652105454,16607;-0,281517
E4_Bvp;1652105454,18169;-1,51947
E4_Bvp;1652105454,19732;-2,957581
E4_Bvp;1652105454,21294;-4,512291
E4_Bvp;1652105454,22857;-6,094543
E4_Bvp;1652105454,2442;-7,665009
E4_Bvp;1652105454,25982;-9,199692
E4_Bvp;1652105454,27545;-10,63754
E4_Bvp;1652105454,29107;-11,91964
E4_Bvp;1652105454,3067;-13,04019
E4_Bvp;1652105454,32232;-14,05771
E4_Bvp;1652105454,33795;-15,12808
E4_Gsr;1652105452,908;0,05638875
E4_Gsr;1652105453,158;0,05638875
E4_Gsr;1652105453,408;0,04998094
E4_Gsr;1652105453,658;0,05126251
E4_Gsr;1652105453,908;0,05254406
E4_Gsr;1652105454,158;0,05254406
E4_Bvp;1652105454,35358;-16,44992
E4_Bvp;1652105454,3692;-18,16877
E4_Bvp;1652105454,38483;-20,37369
E4_Bvp;1652105454,40045;-23,00648
E4_Bvp;1652105454,41608;-25,81138
E4_Bvp;1652105454,4317;-28,31786
E4_Bvp;1652105454,44733;-29,89752
E4_Bvp;1652105454,46296;-29,88663
E4_Bvp;1652105454,47858;-27,81207
E4_Bvp;1652105454,49421;-23,56891
E4_Bvp;1652105454,50983;-17,47544
ManipulatedHR;1652105448,95248;80.96323
E4_Bvp;1652105454,52546;-10,27544
E4_Bvp;1652105454,54108;-2,877907
E4_Bvp;1652105454,55671;3,906914
E4_Bvp;1652105454,57234;9,510918
E4_Hr;1652105448,95248;55,64959
E4_Ibi;1652105448,95248;1,078175
E4_Bvp;1652105454,58796;13,72832
E4_Bvp;1652105454,60359;16,56831
E4_Bvp;1652105454,61921;18,1291
E4_Bvp;1652105454,63484;18,51681
E4_Bvp;1652105454,65046;17,85372
E4_Bvp;1652105454,66609;16,31632
E4_Bvp;1652105454,68172;14,23395
E4_Bvp;1652105454,69734;12,03448
E4_Bvp;1652105454,71297;10,15335
E4_Bvp;1652105454,72859;8,939453
E4_Bvp;1652105454,74422;8,566238
E4_Bvp;1652105454,75984;9,02179
E4_Bvp;1652105454,77547;10,1469
E4_Bvp;1652105454,7911;11,75241
E4_Bvp;1652105454,80672;13,59789
E4_Bvp;1652105454,82235;15,44849
E4_Bvp;1652105454,83797;17,09354
E4_Bvp;1652105454,8536;18,29845
E4_Bvp;1652105454,86922;18,89484
E4_Bvp;1652105454,88485;18,81781
E4_Bvp;1652105454,90048;18,11214
E4_Bvp;1652105454,9161;16,87765
E4_Bvp;1652105454,93173;15,26525
E4_Bvp;1652105454,94735;13,36977
E4_Bvp;1652105454,96298;11,27602
E4_Bvp;1652105454,9786;9,084885
E4_Bvp;1652105454,99423;6,934891
E4_Bvp;1652105455,00986;4,989868
E4_Bvp;1652105455,02548;3,405373
E4_Bvp;1652105455,04111;2,221588
E4_Bvp;1652105455,05673;1,387901
E4_Bvp;1652105455,07236;0,7882385
E4_Bvp;1652105455,08798;0,2783661
E4_Bvp;1652105455,10361;-0,2185745
E4_Bvp;1652105455,11924;-0,7598495
E4_Bvp;1652105455,13486;-1,390968
E4_Bvp;1652105455,15049;-2,18203
E4_Bvp;1652105455,16611;-3,184044
E4_Bvp;1652105455,18174;-4,44516
E4_Bvp;1652105455,19736;-5,921158
E4_Bvp;1652105455,21299;-7,542694
E4_Bvp;1652105455,22862;-9,249237
E4_Bvp;1652105455,24424;-11,01793
E4_Bvp;1652105455,25987;-12,87407
E4_Bvp;1652105455,27549;-14,82304
E4_Bvp;1652105455,29112;-16,79959
E4_Bvp;1652105455,30675;-18,67402
E4_Bvp;1652105455,32237;-20,36176
E4_Bvp;1652105455,338;-21,8709
E4_Bvp;1652105455,35362;-23,38313
E4_Bvp;1652105455,36925;-25,16506
E4_Bvp;1652105455,38487;-27,40213
E4_Bvp;1652105455,4005;-30,04824
E4_Bvp;1652105455,41613;-32,74321
E4_Bvp;1652105455,43175;-34,88593
E4_Bvp;1652105455,44738;-35,76369
E4_Bvp;1652105455,463;-34,79611
E4_Bvp;1652105455,47863;-31,6979
E4_Bvp;1652105455,49425;-26,565
E4_Bvp;1652105455,50988;-19,84678
E4_Bvp;1652105455,52551;-12,23865
E4_Bvp;1652105455,54113;-4,574059
ManipulatedHR;1652105449,95252;103.2495
E4_Bvp;1652105455,55676;2,388924
E4_Bvp;1652105455,57238;8,04306
E4_Bvp;1652105455,58801;12,0825
E4_Hr;1652105449,95252;59,99723
E4_Ibi;1652105449,95252;1,000046
E4_Bvp;1652105455,60363;14,48088
E4_Bvp;1652105455,61926;15,44247
E4_Bvp;1652105455,63489;15,31393
E4_Bvp;1652105455,65051;14,49385
E4_Bvp;1652105455,66614;13,34683
E4_Bvp;1652105455,68176;12,15108
E4_Bvp;1652105455,69739;11,13092
E4_Bvp;1652105455,71301;10,43386
E4_Bvp;1652105455,72864;10,16672
E4_Bvp;1652105455,74427;10,37297
E4_Bvp;1652105455,75989;11,06052
E4_Bvp;1652105455,77552;12,16274
E4_Bvp;1652105455,79114;13,5738
E4_Bvp;1652105455,80677;15,12869
E4_Bvp;1652105455,82239;16,60972
E4_Bvp;1652105455,83802;17,79182
E4_Bvp;1652105455,85365;18,49068
E4_Bvp;1652105455,86927;18,63342
E4_Bvp;1652105455,8849;18,25231
E4_Gsr;1652105454,408;0,05254406
E4_Gsr;1652105454,658;0,05510719
E4_Gsr;1652105454,908;0,05510719
E4_Gsr;1652105455,158;0,05510719
E4_Gsr;1652105455,408;0,05638875
E4_Gsr;1652105455,658;0,05638875
E4_Bvp;1652105455,90052;17,47558
E4_Bvp;1652105455,91615;16,44075
E4_Bvp;1652105455,93177;15,22768
E4_Bvp;1652105455,9474;13,82267
E4_Bvp;1652105455,96303;12,19296
E4_Bvp;1652105455,97865;10,40331
E4_Bvp;1652105455,99428;8,620491
E4_Bvp;1652105456,0099;7,07666
E4_Bvp;1652105456,02553;5,955956
E4_Bvp;1652105456,04115;5,261787
E4_Bvp;1652105456,05678;4,820084
E4_Bvp;1652105456,07241;4,375702
E4_Bvp;1652105456,08803;3,700546
E4_Bvp;1652105456,10366;2,734238
E4_Bvp;1652105456,11928;1,592613
E4_Bvp;1652105456,13491;0,4647369
E4_Bvp;1652105456,15053;-0,5176392
E4_Bvp;1652105456,16616;-1,352097
E4_Bvp;1652105456,18179;-2,180756
E4_Bvp;1652105456,19741;-3,20079
E4_Bvp;1652105456,21304;-4,561348
E4_Bvp;1652105456,22866;-6,299461
E4_Bvp;1652105456,24429;-8,295219
E4_Bvp;1652105456,25991;-10,35123
E4_Bvp;1652105456,27554;-12,28397
E4_Bvp;1652105456,29117;-14,00153
E4_Bvp;1652105456,30679;-15,5266
E4_Bvp;1652105456,32242;-16,97266
E4_Bvp;1652105456,33804;-18,52699
E4_Bvp;1652105456,35367;-20,34385
E4_Bvp;1652105456,36929;-22,54179
E4_Bvp;1652105456,38492;-25,11539
E4_Bvp;1652105456,40055;-27,90009
E4_Bvp;1652105456,41617;-30,52333
E4_Bvp;1652105456,4318;-32,39298
E4_Bvp;1652105456,44742;-32,82976
E4_Bvp;1652105456,46305;-31,29589
E4_Bvp;1652105456,47867;-27,58996
E4_Bvp;1652105456,4943;-21,94814
E4_Bvp;1652105456,50993;-15,01749
E4_Bvp;1652105456,52555;-7,660706
E4_Bvp;1652105456,54118;-0,7114334
E4_Bvp;1652105456,5568;5,228622
E4_Bvp;1652105456,57243;9,819427
ManipulatedHR;1652105450,9682;79.96207
E4_Hr;1652105450,9682;59,07419
E4_Ibi;1652105450,9682;1,015672
E4_Bvp;1652105456,58805;12,97192
E4_Bvp;1652105456,60368;14,76042
E4_Bvp;1652105456,61931;15,33405
E4_Bvp;1652105456,63493;14,91019
E4_Bvp;1652105456,65056;13,77418
E4_Bvp;1652105456,66618;12,2752
E4_Bvp;1652105456,68181;10,76228
E4_Bvp;1652105456,69743;9,555122
E4_Bvp;1652105456,71306;8,875626
E4_Bvp;1652105456,72869;8,846085
E4_Bvp;1652105456,74431;9,479706
E4_Bvp;1652105456,75994;10,71481
E4_Bvp;1652105456,77556;12,38456
E4_Bvp;1652105456,79119;14,27574
E4_Bvp;1652105456,80681;16,15466
E4_Bvp;1652105456,82244;17,77951
E4_Bvp;1652105456,83807;18,93138
E4_Bvp;1652105456,85369;19,49112
E4_Bvp;1652105456,86932;19,41953
E4_Bvp;1652105456,88494;18,76572
E4_Bvp;1652105456,90057;17,66789
E4_Bvp;1652105456,91619;16,25298
E4_Bvp;1652105456,93182;14,65816
E4_Bvp;1652105456,94745;12,95912
E4_Bvp;1652105456,96307;11,21616
E4_Bvp;1652105456,9787;9,463181
E4_Bvp;1652105456,99432;7,733948
E4_Bvp;1652105457,00995;6,083496
E4_Bvp;1652105457,02557;4,566895
E4_Bvp;1652105457,0412;3,227798
E4_Bvp;1652105457,05683;2,099899
E4_Bvp;1652105457,07245;1,168411
E4_Bvp;1652105457,08808;0,3686218
E4_Bvp;1652105457,1037;-0,3545074
E4_Bvp;1652105457,11933;-1,051178
E4_Bvp;1652105457,13495;-1,772415
E4_Bvp;1652105457,15058;-2,588623
E4_Bvp;1652105457,16621;-3,609772
E4_Bvp;1652105457,18183;-4,945374
E4_Bvp;1652105457,19746;-6,678085
E4_Bvp;1652105457,21308;-8,804825
E4_Bvp;1652105457,22871;-11,24998
E4_Bvp;1652105457,24433;-13,87729
E4_Bvp;1652105457,25996;-16,55148
E4_Bvp;1652105457,27559;-19,19211
E4_Bvp;1652105457,29121;-21,82953
E4_Bvp;1652105457,30684;-24,56337
E4_Bvp;1652105457,32246;-27,49181
E4_Bvp;1652105457,33809;-30,58815
E4_Bvp;1652105457,35371;-33,5816
E4_Bvp;1652105457,36934;-35,98425
E4_Bvp;1652105457,38497;-37,13332
E4_Bvp;1652105457,40059;-36,37804
E4_Bvp;1652105457,41622;-33,3053
E4_Bvp;1652105457,43184;-27,89238
E4_Gsr;1652105455,908;0,07561219
E4_Gsr;1652105456,158;0,05254406
E4_Gsr;1652105456,408;0,05254406
E4_Gsr;1652105456,658;0,05382563
E4_Gsr;1652105456,908;0,05254406
E4_Gsr;1652105457,158;0,05638875
ManipulatedHR;1652105451,95262;74.83243
E4_Bvp;1652105457,44747;-20,60378
E4_Bvp;1652105457,46309;-12,32393
E4_Bvp;1652105457,47872;-4,07077
E4_Bvp;1652105457,49435;3,255173
E4_Bvp;1652105457,50997;9,050079
E4_Hr;1652105451,95262;60,94955
E4_Ibi;1652105451,95262;0,9844208
E4_Bvp;1652105457,5256;13,1248
E4_Bvp;1652105457,54122;15,61351
E4_Bvp;1652105457,55685;16,85487
E4_Bvp;1652105457,57247;17,25253
E4_Bvp;1652105457,5881;17,17729
E4_Bvp;1652105457,60373;16,86574
E4_Bvp;1652105457,61935;16,48856
E4_Bvp;1652105457,63498;16,16096
E4_Bvp;1652105457,6506;15,95918
E4_Bvp;1652105457,66623;16,00935
E4_Bvp;1652105457,68185;16,44141
E4_Bvp;1652105457,69748;17,34351
E4_Bvp;1652105457,71311;18,72403
E4_Bvp;1652105457,72873;20,45711
E4_Bvp;1652105457,74436;22,2683
E4_Bvp;1652105457,75998;23,85638
E4_Bvp;1652105457,77561;24,9931
E4_Bvp;1652105457,79123;25,55539
E4_Bvp;1652105457,80686;25,59949
E4_Bvp;1652105457,82249;25,17154
E4_Bvp;1652105457,83811;24,30096
E4_Bvp;1652105457,85374;22,97362
E4_Bvp;1652105457,86936;21,16727
E4_Bvp;1652105457,88499;18,96275
E4_Bvp;1652105457,90062;16,58844
E4_Bvp;1652105457,91624;14,33786
E4_Bvp;1652105457,93187;12,46211
E4_Bvp;1652105457,94749;11,08107
E4_Bvp;1652105457,96312;10,06261
E4_Bvp;1652105457,97874;9,162369
E4_Bvp;1652105457,99437;8,11673
E4_Bvp;1652105458,01;6,78862
E4_Bvp;1652105458,02562;5,190125
E4_Bvp;1652105458,04125;3,503448
E4_Bvp;1652105458,05687;1,895172
E4_Bvp;1652105458,0725;0,4527893
E4_Bvp;1652105458,08812;-0,8412476
E4_Bvp;1652105458,10375;-2,132462
E4_Bvp;1652105458,11938;-3,621872
E4_Bvp;1652105458,135;-5,403427
E4_Bvp;1652105458,15063;-7,474136
E4_Bvp;1652105458,16625;-9,719574
E4_Bvp;1652105458,18188;-11,95567
E4_Bvp;1652105458,1975;-14,0829
E4_Bvp;1652105458,21313;-16,10071
E4_Bvp;1652105458,22876;-18,10583
E4_Bvp;1652105458,24438;-20,27589
E4_Bvp;1652105458,26001;-22,76852
E4_Bvp;1652105458,27563;-25,66167
E4_Bvp;1652105458,29126;-28,93338
E4_Bvp;1652105458,30688;-32,39542
E4_Bvp;1652105458,32251;-35,70457
E4_Bvp;1652105458,33814;-38,38777
E4_Bvp;1652105458,35376;-39,84261
E4_Bvp;1652105458,36939;-39,50294
E4_Bvp;1652105458,38501;-37,00229
E4_Bvp;1652105458,40064;-32,33669
E4_Bvp;1652105458,41626;-25,91368
E4_Bvp;1652105458,43189;-18,48715
E4_Bvp;1652105458,44752;-10,93314
E4_Bvp;1652105458,46314;-4,035782
ManipulatedHR;1652105452,89016;116.5524
E4_Bvp;1652105458,47877;1,673141
E4_Bvp;1652105458,49439;6,037415
E4_Bvp;1652105458,51002;9,122055
E4_Hr;1652105452,89016;63,99704
E4_Ibi;1652105452,89016;0,9375434
E4_Bvp;1652105458,52564;11,11868
E4_Bvp;1652105458,54127;12,19873
E4_Bvp;1652105458,5569;12,55312
E4_Bvp;1652105458,57252;12,32797
E4_Bvp;1652105458,58815;11,72264
E4_Bvp;1652105458,60377;11,01698
E4_Bvp;1652105458,6194;10,49991
E4_Bvp;1652105458,63502;10,45451
E4_Bvp;1652105458,65065;11,03787
E4_Bvp;1652105458,66628;12,24934
E4_Bvp;1652105458,6819;13,94127
E4_Bvp;1652105458,69753;15,90399
E4_Bvp;1652105458,71315;17,88855
E4_Bvp;1652105458,72878;19,69667
E4_Bvp;1652105458,7444;21,19292
E4_Bvp;1652105458,76003;22,2578
E4_Bvp;1652105458,77566;22,7975
E4_Bvp;1652105458,79128;22,7012
E4_Bvp;1652105458,80691;21,92397
E4_Gsr;1652105457,408;0,05638875
E4_Gsr;1652105457,658;0,05510719
E4_Gsr;1652105457,908;0,05638875
E4_Gsr;1652105458,158;0,05638875
E4_Gsr;1652105458,408;0,05254406
E4_Gsr;1652105458,658;0,05254406
E4_Bvp;1652105458,82253;20,5022
E4_Bvp;1652105458,83816;18,6087
E4_Bvp;1652105458,85378;16,48355
E4_Bvp;1652105458,86941;14,3911
E4_Bvp;1652105458,88504;12,52992
E4_Bvp;1652105458,90066;10,95
E4_Bvp;1652105458,91629;9,618896
E4_Bvp;1652105458,93191;8,441086
E4_Bvp;1652105458,94754;7,360016
E4_Bvp;1652105458,96316;6,356064
E4_Bvp;1652105458,97879;5,401657
E4_Bvp;1652105458,99442;4,419708
E4_Bvp;1652105459,01004;3,313843
E4_Bvp;1652105459,02567;1,985413
E4_Bvp;1652105459,04129;0,3427277
E4_Bvp;1652105459,05692;-1,590836
E4_Bvp;1652105459,07254;-3,750839
E4_Bvp;1652105459,08817;-6,020264
E4_Bvp;1652105459,1038;-8,28949
E4_Bvp;1652105459,11942;-10,47824
E4_Bvp;1652105459,13505;-12,54024
E4_Bvp;1652105459,15067;-14,48973
E4_Bvp;1652105459,1663;-16,40036
E4_Bvp;1652105459,18192;-18,4682
E4_Bvp;1652105459,19755;-20,87268
E4_Bvp;1652105459,21318;-23,72609
E4_Bvp;1652105459,2288;-26,89912
E4_Bvp;1652105459,24443;-29,96684
E4_Bvp;1652105459,26005;-32,27477
E4_Bvp;1652105459,27568;-33,10127
E4_Bvp;1652105459,2913;-31,87256
E4_Bvp;1652105459,30693;-28,36607
E4_Bvp;1652105459,32256;-22,79395
ManipulatedHR;1652105453,89021;102.8396
E4_Bvp;1652105459,33818;-15,69424
E4_Bvp;1652105459,35381;-7,880981
E4_Bvp;1652105459,36943;-0,193161
E4_Bvp;1652105459,38506;6,661316
E4_Bvp;1652105459,40068;12,16911
E4_Hr;1652105453,89021;59,99723
E4_Ibi;1652105453,89021;1,000046
E4_Bvp;1652105459,41631;16,07433
E4_Bvp;1652105459,43194;18,38651
E4_Bvp;1652105459,44756;19,2946
E4_Bvp;1652105459,46319;19,08528
E4_Bvp;1652105459,47881;18,12857
E4_Bvp;1652105459,49444;16,77745
E4_Bvp;1652105459,51006;15,388
E4_Bvp;1652105459,52569;14,27478
E4_Bvp;1652105459,54132;13,66783
E4_Bvp;1652105459,55694;13,71088
E4_Bvp;1652105459,57257;14,40242
E4_Bvp;1652105459,58819;15,65065
E4_Bvp;1652105459,60382;17,26518
E4_Bvp;1652105459,61944;19,05084
E4_Bvp;1652105459,63507;20,8194
E4_Bvp;1652105459,6507;22,40953
E4_Bvp;1652105459,66632;23,67438
E4_Bvp;1652105459,68195;24,465
E4_Bvp;1652105459,69757;24,6653
E4_Bvp;1652105459,7132;24,17305
E4_Bvp;1652105459,72882;22,92569
E4_Bvp;1652105459,74445;20,94481
E4_Bvp;1652105459,76008;18,38469
E4_Bvp;1652105459,7757;15,51944
E4_Bvp;1652105459,79133;12,72206
E4_Bvp;1652105459,80695;10,33875
E4_Bvp;1652105459,82258;8,56897
E4_Bvp;1652105459,8382;7,404449
E4_Bvp;1652105459,85383;6,59288
E4_Bvp;1652105459,86946;5,788681
E4_Bvp;1652105459,88508;4,71077
E4_Bvp;1652105459,90071;3,302292
E4_Bvp;1652105459,91633;1,691147
E4_Bvp;1652105459,93196;0,1389465
E4_Bvp;1652105459,94758;-1,180801
E4_Bvp;1652105459,96321;-2,232162
E4_Bvp;1652105459,97884;-3,165787
E4_Bvp;1652105459,99446;-4,214401
E4_Bvp;1652105460,01009;-5,545609
E4_Bvp;1652105460,02571;-7,192719
E4_Bvp;1652105460,04134;-9,043701
E4_Bvp;1652105460,05696;-10,94772
E4_Bvp;1652105460,07259;-12,8055
E4_Bvp;1652105460,08822;-14,59926
E4_Bvp;1652105460,10384;-16,38573
E4_Bvp;1652105460,11947;-18,27776
E4_Bvp;1652105460,13509;-20,3728
E4_Bvp;1652105460,15072;-22,72969
E4_Bvp;1652105460,16635;-25,32422
E4_Bvp;1652105460,18197;-28,03954
E4_Bvp;1652105460,1976;-30,62456
E4_Bvp;1652105460,21322;-32,66673
E4_Bvp;1652105460,22885;-33,61835
E4_Bvp;1652105460,24447;-32,92845
E4_Bvp;1652105460,2601;-30,21487
E4_Bvp;1652105460,27573;-25,46135
E4_Bvp;1652105460,29135;-19,03821
E4_Bvp;1652105460,30698;-11,673
E4_Bvp;1652105460,3226;-4,214966
E4_Bvp;1652105460,33823;2,596069
E4_Bvp;1652105460,35385;8,253494
E4_Gsr;1652105458,908;0,05254406
E4_Gsr;1652105459,158;0,05254406
E4_Gsr;1652105459,408;0,05382563
E4_Gsr;1652105459,658;0,05254406
E4_Gsr;1652105459,908;0,05510719
E4_Gsr;1652105460,158;0,05638875
ManipulatedHR;1652105454,78087;91.3507
E4_Hr;1652105454,78087;67,3653
E4_Ibi;1652105454,78087;0,8906662
E4_Bvp;1652105460,36948;12,50111
E4_Bvp;1652105460,38511;15,29282
E4_Bvp;1652105460,40073;16,70123
E4_Bvp;1652105460,41636;16,84581
E4_Bvp;1652105460,43198;15,94136
E4_Bvp;1652105460,44761;14,28992
E4_Bvp;1652105460,46323;12,319
E4_Bvp;1652105460,47886;10,50446
E4_Bvp;1652105460,49449;9,281845
E4_Bvp;1652105460,51011;8,95224
E4_Bvp;1652105460,52574;9,592018
E4_Bvp;1652105460,54136;11,07328
E4_Bvp;1652105460,55699;13,10509
E4_Bvp;1652105460,57261;15,34296
E4_Bvp;1652105460,58824;17,41663
E4_Bvp;1652105460,60387;19,07726
E4_Bvp;1652105460,61949;20,16808
E4_Bvp;1652105460,63512;20,63673
E4_Bvp;1652105460,65074;20,47006
E4_Bvp;1652105460,66637;19,68051
E4_Bvp;1652105460,68199;18,31147
E4_Bvp;1652105460,69762;16,42745
E4_Bvp;1652105460,71325;14,20372
E4_Bvp;1652105460,72887;11,87223
E4_Bvp;1652105460,7445;9,694168
E4_Bvp;1652105460,76012;7,869598
E4_Bvp;1652105460,77575;6,458473
E4_Bvp;1652105460,79137;5,369644
E4_Bvp;1652105460,807;4,422867
E4_Bvp;1652105460,82263;3,41436
E4_Bvp;1652105460,83825;2,247368
E4_Bvp;1652105460,85388;0,9589767
E4_Bvp;1652105460,8695;-0,3301697
E4_Bvp;1652105460,88513;-1,479019
E4_Bvp;1652105460,90075;-2,403641
E4_Bvp;1652105460,91638;-3,153267
E4_Bvp;1652105460,93201;-3,902351
E4_Bvp;1652105460,94763;-4,857872
E4_Bvp;1652105460,96326;-6,184044
E4_Bvp;1652105460,97888;-7,884834
E4_Bvp;1652105460,99451;-9,804565
E4_Bvp;1652105461,01013;-11,70468
E4_Bvp;1652105461,02576;-13,36265
E4_Bvp;1652105461,04139;-14,67168
E4_Bvp;1652105461,05701;-15,73388
E4_Bvp;1652105461,07264;-16,75709
E4_Bvp;1652105461,08826;-18,02406
E4_Bvp;1652105461,10389;-19,76122
E4_Bvp;1652105461,11951;-22,05497
E4_Bvp;1652105461,13514;-24,86425
E4_Bvp;1652105461,15077;-27,98951
E4_Bvp;1652105461,16639;-31,085
E4_Bvp;1652105461,18202;-33,60609
E4_Bvp;1652105461,19764;-34,96128
E4_Bvp;1652105461,21327;-34,53394
ManipulatedHR;1652105455,73404;93.32393
E4_Bvp;1652105461,22889;-31,92782
E4_Bvp;1652105461,24452;-27,1087
E4_Bvp;1652105461,26015;-20,48234
E4_Bvp;1652105461,27577;-12,8333
E4_Bvp;1652105461,2914;-5,096954
E4_Bvp;1652105461,30702;1,860565
E4_Bvp;1652105461,32265;7,461922
E4_Bvp;1652105461,33827;11,40257
E4_Hr;1652105455,73404;62,94791
E4_Ibi;1652105455,73404;0,9531691
E4_Bvp;1652105461,3539;13,70271
E4_Bvp;1652105461,36953;14,53465
E4_Bvp;1652105461,38515;14,17706
E4_Bvp;1652105461,40078;12,95773
E4_Bvp;1652105461,4164;11,27958
E4_Bvp;1652105461,43203;9,524895
E4_Bvp;1652105461,44765;8,074516
E4_Bvp;1652105461,46328;7,22393
E4_Bvp;1652105461,47891;7,090805
E4_Bvp;1652105461,49453;7,667564
E4_Bvp;1652105461,51016;8,791908
E4_Bvp;1652105461,52578;10,26802
E4_Bvp;1652105461,54141;11,88924
E4_Bvp;1652105461,55703;13,52489
E4_Bvp;1652105461,57266;15,07057
E4_Bvp;1652105461,58829;16,43304
E4_Bvp;1652105461,60391;17,48028
E4_Bvp;1652105461,61954;18,02471
E4_Bvp;1652105461,63516;17,91963
E4_Bvp;1652105461,65079;17,05216
E4_Bvp;1652105461,66641;15,42575
E4_Bvp;1652105461,68204;13,20965
E4_Bvp;1652105461,69767;10,679
E4_Bvp;1652105461,71329;8,168411
E4_Bvp;1652105461,72892;5,966438
E4_Bvp;1652105461,74454;4,252472
E4_Bvp;1652105461,76017;3,059029
E4_Bvp;1652105461,77579;2,295074
E4_Bvp;1652105461,79142;1,813644
E4_Bvp;1652105461,80705;1,442009
E4_Bvp;1652105461,82267;1,066071
E4_Bvp;1652105461,8383;0,6027145
E4_Bvp;1652105461,85392;0,02648163
E4_Bvp;1652105461,86955;-0,6777954
E4_Bvp;1652105461,88517;-1,500938
E4_Bvp;1652105461,9008;-2,44046
E4_Gsr;1652105460,408;0,05510719
E4_Gsr;1652105460,658;0,05638875
E4_Gsr;1652105460,908;0,05638875
E4_Gsr;1652105461,158;0,05638875
E4_Gsr;1652105461,408;0,07945688
E4_Gsr;1652105461,658;0,05254406
E4_Bvp;1652105461,91643;-3,482689
E4_Bvp;1652105461,93205;-4,605843
E4_Bvp;1652105461,94768;-5,776848
E4_Bvp;1652105461,9633;-6,969887
E4_Bvp;1652105461,97893;-8,161461
E4_Bvp;1652105461,99455;-9,351486
E4_Bvp;1652105462,01018;-10,55029
E4_Bvp;1652105462,02581;-11,80196
E4_Bvp;1652105462,04143;-13,19279
E4_Bvp;1652105462,05706;-14,87288
E4_Bvp;1652105462,07268;-16,98523
E4_Bvp;1652105462,08831;-19,6014
E4_Bvp;1652105462,10393;-22,55881
E4_Bvp;1652105462,11956;-25,45562
E4_Bvp;1652105462,13519;-27,66823
E4_Bvp;1652105462,15081;-28,54861
E4_Bvp;1652105462,16644;-27,60088
E4_Bvp;1652105462,18206;-24,63868
E4_Bvp;1652105462,19769;-19,84652
E4_Bvp;1652105462,21331;-13,69501
E4_Bvp;1652105462,22894;-6,834862
E4_Bvp;1652105462,24457;0,04650116
ManipulatedHR;1652105456,71846;72.06021
E4_Bvp;1652105462,26019;6,354607
E4_Bvp;1652105462,27582;11,60417
E4_Hr;1652105456,71846;60,94956
E4_Ibi;1652105456,71846;0,9844205
E4_Bvp;1652105462,29144;15,47775
E4_Bvp;1652105462,30707;17,81044
E4_Bvp;1652105462,3227;18,58992
E4_Bvp;1652105462,33832;17,97789
E4_Bvp;1652105462,35395;16,2743
E4_Bvp;1652105462,36957;13,88493
E4_Bvp;1652105462,3852;11,28361
E4_Bvp;1652105462,40082;8,956566
E4_Bvp;1652105462,41645;7,330608
E4_Bvp;1652105462,43208;6,690388
E4_Bvp;1652105462,4477;7,120979
E4_Bvp;1652105462,46333;8,480965
E4_Bvp;1652105462,47895;10,463
E4_Bvp;1652105462,49458;12,67955
E4_Bvp;1652105462,5102;14,7767
E4_Bvp;1652105462,52583;16,47371
E4_Bvp;1652105462,54146;17,58196
E4_Bvp;1652105462,55708;17,97937
E4_Bvp;1652105462,57271;17,63833
E4_Bvp;1652105462,58833;16,58498
E4_Bvp;1652105462,60396;14,93213
E4_Bvp;1652105462,61958;12,86631
E4_Bvp;1652105462,63521;10,5868
E4_Bvp;1652105462,65084;8,293591
E4_Bvp;1652105462,66646;6,10947
E4_Bvp;1652105462,68209;4,102226
E4_Bvp;1652105462,69771;2,299568
E4_Bvp;1652105462,71334;0,7098007
E4_Bvp;1652105462,72896;-0,6736946
E4_Bvp;1652105462,74459;-1,836773
E4_Bvp;1652105462,76022;-2,782051
E4_Bvp;1652105462,77584;-3,515022
E4_Bvp;1652105462,79147;-4,02636
E4_Bvp;1652105462,80709;-4,356384
E4_Bvp;1652105462,82272;-4,600929
E4_Bvp;1652105462,83834;-4,924606
E4_Bvp;1652105462,85397;-5,490078
E4_Bvp;1652105462,8696;-6,460667
E4_Bvp;1652105462,88522;-7,86129
E4_Bvp;1652105462,90085;-9,62326
E4_Bvp;1652105462,91647;-11,60007
E4_Bvp;1652105462,9321;-13,6508
E4_Bvp;1652105462,94772;-15,71716
E4_Bvp;1652105462,96335;-17,82496
E4_Bvp;1652105462,97898;-20,03248
E4_Bvp;1652105462,9946;-22,43376
E4_Bvp;1652105463,01023;-25,12974
E4_Bvp;1652105463,02585;-28,13096
E4_Bvp;1652105463,04148;-31,36661
E4_Bvp;1652105463,0571;-34,56596
E4_Bvp;1652105463,07273;-37,23367
E4_Bvp;1652105463,08836;-38,68487
E4_Bvp;1652105463,10398;-38,20516
ManipulatedHR;1652105457,65601;69.09267
E4_Bvp;1652105463,11961;-35,3231
E4_Bvp;1652105463,13523;-30,00746
E4_Bvp;1652105463,15086;-22,76783
E4_Bvp;1652105463,16648;-14,47554
E4_Bvp;1652105463,18211;-6,179558
E4_Bvp;1652105463,19774;1,231949
E4_Bvp;1652105463,21336;7,195591
E4_Bvp;1652105463,22899;11,49368
E4_Hr;1652105457,65601;63,99704
E4_Ibi;1652105457,65601;0,9375434
E4_Bvp;1652105463,24461;14,20758
E4_Bvp;1652105463,26024;15,5676
E4_Bvp;1652105463,27586;15,84939
E4_Gsr;1652105461,908;0,05254406
E4_Gsr;1652105462,158;0,05254406
E4_Gsr;1652105462,408;0,05382563
E4_Gsr;1652105462,658;0,05382563
E4_Gsr;1652105462,908;0,05510719
E4_Gsr;1652105463,158;0,05638875
E4_Bvp;1652105463,29149;15,33721
E4_Bvp;1652105463,30712;14,33686
E4_Bvp;1652105463,32274;13,15808
E4_Bvp;1652105463,33837;12,12419
E4_Bvp;1652105463,35399;11,51578
E4_Bvp;1652105463,36962;11,48615
E4_Bvp;1652105463,38524;12,05365
E4_Bvp;1652105463,40087;13,0862
E4_Bvp;1652105463,4165;14,37661
E4_Bvp;1652105463,43212;15,7047
E4_Bvp;1652105463,44775;16,92952
E4_Bvp;1652105463,46337;17,97922
E4_Bvp;1652105463,479;18,87594
E4_Bvp;1652105463,49462;19,6197
E4_Bvp;1652105463,51025;20,11275
E4_Bvp;1652105463,52588;20,1953
E4_Bvp;1652105463,5415;19,68289
E4_Bvp;1652105463,55713;18,48775
E4_Bvp;1652105463,57275;16,7107
E4_Bvp;1652105463,58838;14,58698
E4_Bvp;1652105463,604;12,39231
E4_Bvp;1652105463,61963;10,34024
E4_Bvp;1652105463,63526;8,525551
E4_Bvp;1652105463,65088;6,902649
E4_Bvp;1652105463,66651;5,399921
E4_Bvp;1652105463,68213;3,97628
E4_Bvp;1652105463,69776;2,616737
E4_Bvp;1652105463,71338;1,360672
E4_Bvp;1652105463,72901;0,2236328
E4_Bvp;1652105463,74464;-0,785408
E4_Bvp;1652105463,76026;-1,680916
E4_Bvp;1652105463,77589;-2,484882
E4_Bvp;1652105463,79151;-3,248981
E4_Bvp;1652105463,80714;-4,056114
E4_Bvp;1652105463,82276;-5,025272
E4_Bvp;1652105463,83839;-6,319927
E4_Bvp;1652105463,85402;-7,997017
E4_Bvp;1652105463,86964;-10,0046
E4_Bvp;1652105463,88527;-12,1427
E4_Bvp;1652105463,90089;-14,21898
E4_Bvp;1652105463,91652;-16,13152
E4_Bvp;1652105463,93214;-17,93752
E4_Bvp;1652105463,94777;-19,84423
E4_Bvp;1652105463,9634;-22,07877
E4_Bvp;1652105463,97902;-24,81617
E4_Bvp;1652105463,99465;-28,03277
E4_Bvp;1652105464,01027;-31,49842
E4_Bvp;1652105464,0259;-34,7269
E4_Bvp;1652105464,04152;-37,09621
E4_Bvp;1652105464,05715;-37,94405
E4_Bvp;1652105464,07278;-36,73799
E4_Bvp;1652105464,0884;-33,23424
E4_Bvp;1652105464,10403;-27,61363
E4_Bvp;1652105464,11965;-20,4473
E4_Bvp;1652105464,13528;-12,568
ManipulatedHR;1652105458,60917;118.634
E4_Bvp;1652105464,1509;-4,845417
E4_Bvp;1652105464,16653;2
E4_Bvp;1652105464,18216;7,533192
E4_Bvp;1652105464,19778;11,56759
E4_Hr;1652105458,60917;62,94789
E4_Ibi;1652105458,60917;0,9531693
E4_Bvp;1652105464,21341;14,11163
E4_Bvp;1652105464,22903;15,26613
E4_Bvp;1652105464,24466;15,23167
E4_Bvp;1652105464,26028;14,30983
E4_Bvp;1652105464,27591;12,89561
E4_Bvp;1652105464,29154;11,45605
E4_Bvp;1652105464,30716;10,38054
E4_Bvp;1652105464,32279;9,936314
E4_Bvp;1652105464,33841;10,18983
E4_Bvp;1652105464,35404;11,02877
E4_Bvp;1652105464,36966;12,24001
E4_Bvp;1652105464,38529;13,66553
E4_Bvp;1652105464,40092;15,18567
E4_Bvp;1652105464,41654;16,73699
E4_Bvp;1652105464,43217;18,24371
E4_Bvp;1652105464,44779;19,55085
E4_Bvp;1652105464,46342;20,47495
E4_Bvp;1652105464,47904;20,84856
E4_Bvp;1652105464,49467;20,57936
E4_Bvp;1652105464,5103;19,6601
E4_Bvp;1652105464,52592;18,19983
E4_Bvp;1652105464,54155;16,35669
E4_Bvp;1652105464,55717;14,30164
E4_Bvp;1652105464,5728;12,20502
E4_Bvp;1652105464,58842;10,19785
E4_Bvp;1652105464,60405;8,372013
E4_Bvp;1652105464,61968;6,760361
E4_Bvp;1652105464,6353;5,343266
E4_Bvp;1652105464,65093;4,052563
E4_Bvp;1652105464,66655;2,84724
E4_Bvp;1652105464,68218;1,728916
E4_Bvp;1652105464,6978;0,7411766
E4_Bvp;1652105464,71343;-0,05769348
E4_Bvp;1652105464,72906;-0,6608124
E4_Bvp;1652105464,74468;-1,1194
E4_Bvp;1652105464,76031;-1,552505
E4_Bvp;1652105464,77593;-2,115662
E4_Bvp;1652105464,79156;-2,936619
E4_Bvp;1652105464,80718;-4,076458
E4_Bvp;1652105464,82281;-5,54501
E4_Gsr;1652105463,408;0,05638875
E4_Gsr;1652105463,658;0,05638875
E4_Gsr;1652105463,908;0,05767032
E4_Gsr;1652105464,158;0,05638875
E4_Gsr;1652105464,408;0,05254406
E4_Gsr;1652105464,658;0,05382563
E4_Bvp;1652105464,83844;-7,293537
E4_Bvp;1652105464,85406;-9,22234
E4_Bvp;1652105464,86969;-11,21366
E4_Bvp;1652105464,88531;-13,14908
E4_Bvp;1652105464,90094;-14,99828
E4_Bvp;1652105464,91656;-16,81273
E4_Bvp;1652105464,93219;-18,78332
E4_Bvp;1652105464,94782;-21,08126
E4_Bvp;1652105464,96344;-23,78378
E4_Bvp;1652105464,97907;-26,75515
E4_Bvp;1652105464,99469;-29,56349
ManipulatedHR;1652105459,57797;85.8065
E4_Bvp;1652105465,01032;-31,59479
E4_Bvp;1652105465,02595;-32,16287
E4_Bvp;1652105465,04157;-30,7637
E4_Bvp;1652105465,0572;-27,16719
E4_Bvp;1652105465,07282;-21,5337
E4_Bvp;1652105465,08845;-14,37633
E4_Bvp;1652105465,10407;-6,449608
E4_Bvp;1652105465,1197;1,364563
E4_Bvp;1652105465,13533;8,284809
E4_Bvp;1652105465,15095;13,72652
E4_Hr;1652105459,57797;61,93262
E4_Ibi;1652105459,57797;0,9687948
E4_Bvp;1652105465,16658;17,43102
E4_Bvp;1652105465,1822;19,41071
E4_Bvp;1652105465,19783;19,87841
E4_Bvp;1652105465,21345;19,12359
E4_Bvp;1652105465,22908;17,45378
E4_Bvp;1652105465,24471;15,20322
E4_Bvp;1652105465,26033;12,76898
E4_Bvp;1652105465,27596;10,60781
E4_Bvp;1652105465,29158;9,10714
E4_Bvp;1652105465,30721;8,527725
E4_Bvp;1652105465,32283;8,871586
E4_Bvp;1652105465,33846;9,955883
E4_Bvp;1652105465,35409;11,45751
E4_Bvp;1652105465,36971;13,12437
E4_Bvp;1652105465,38534;14,79802
E4_Bvp;1652105465,40096;16,40454
E4_Bvp;1652105465,41659;17,87989
E4_Bvp;1652105465,43221;19,0262
E4_Bvp;1652105465,44784;19,59911
E4_Bvp;1652105465,46347;19,34135
E4_Bvp;1652105465,47909;18,20431
E4_Bvp;1652105465,49472;16,34503
E4_Bvp;1652105465,51034;14,1255
E4_Bvp;1652105465,52597;11,92296
E4_Bvp;1652105465,54159;9,996346
E4_Bvp;1652105465,55722;8,383175
E4_Bvp;1652105465,57285;6,933136
E4_Bvp;1652105465,58847;5,452869
E4_Bvp;1652105465,6041;3,797359
E4_Bvp;1652105465,61972;1,981796
E4_Bvp;1652105465,63535;0,09807968
E4_Bvp;1652105465,65097;-1,693718
E4_Bvp;1652105465,6666;-3,285191
E4_Bvp;1652105465,68223;-4,652412
E4_Bvp;1652105465,69785;-5,867504
E4_Bvp;1652105465,71348;-7,05508
E4_Bvp;1652105465,7291;-8,342545
E4_Bvp;1652105465,74473;-9,850063
E4_Bvp;1652105465,76035;-11,62157
E4_Bvp;1652105465,77598;-13,65184
E4_Bvp;1652105465,79161;-15,82252
E4_Bvp;1652105465,80723;-17,96874
E4_Bvp;1652105465,82286;-19,95324
E4_Bvp;1652105465,83848;-21,73745
E4_Bvp;1652105465,85411;-23,4417
E4_Bvp;1652105465,86973;-25,3096
E4_Bvp;1652105465,88536;-27,62022
E4_Bvp;1652105465,90099;-30,51297
E4_Bvp;1652105465,91661;-33,8582
E4_Bvp;1652105465,93224;-37,16582
E4_Bvp;1652105465,94786;-39,65613
E4_Bvp;1652105465,96349;-40,50767
E4_Bvp;1652105465,97911;-39,04725
E4_Bvp;1652105465,99474;-35,06727
E4_Bvp;1652105466,01037;-28,8595
E4_Bvp;1652105466,02599;-21,16462
ManipulatedHR;1652105460,53114;82.54598
E4_Bvp;1652105466,04162;-12,91195
E4_Bvp;1652105466,05724;-4,994629
E4_Bvp;1652105466,07287;1,951279
E4_Bvp;1652105466,08849;7,604115
E4_Bvp;1652105466,10412;11,8806
E4_Hr;1652105460,53114;62,94791
E4_Ibi;1652105460,53114;0,9531691
E4_Bvp;1652105466,11975;14,84299
E4_Bvp;1652105466,13537;16,58755
E4_Bvp;1652105466,151;17,20432
E4_Bvp;1652105466,16662;16,86338
E4_Bvp;1652105466,18225;15,86468
E4_Bvp;1652105466,19787;14,56808
E4_Bvp;1652105466,2135;13,37803
E4_Bvp;1652105466,22913;12,60733
E4_Bvp;1652105466,24475;12,39752
E4_Bvp;1652105466,26038;12,79958
E4_Bvp;1652105466,276;13,76278
E4_Bvp;1652105466,29163;15,20339
E4_Bvp;1652105466,30725;17,00981
E4_Bvp;1652105466,32288;19,01926
E4_Bvp;1652105466,33851;20,97887
E4_Bvp;1652105466,35413;22,62173
E4_Bvp;1652105466,36976;23,66937
E4_Gsr;1652105464,908;0,05382563
E4_Gsr;1652105465,158;0,05382563
E4_Gsr;1652105465,408;0,05382563
E4_Gsr;1652105465,658;0,05638875
E4_Gsr;1652105465,908;0,05638875
E4_Gsr;1652105466,158;0,05767032
E4_Bvp;1652105466,38538;23,95789
E4_Bvp;1652105466,40101;23,48323
E4_Bvp;1652105466,41663;22,37069
E4_Bvp;1652105466,43226;20,79659
E4_Bvp;1652105466,44789;18,9398
E4_Bvp;1652105466,46351;16,88145
E4_Bvp;1652105466,47914;14,65569
E4_Bvp;1652105466,49476;12,32219
E4_Bvp;1652105466,51039;9,939884
E4_Bvp;1652105466,52601;7,626301
E4_Bvp;1652105466,54164;5,535213
E4_Bvp;1652105466,55727;3,793629
E4_Bvp;1652105466,57289;2,416172
E4_Bvp;1652105466,58852;1,305477
E4_Bvp;1652105466,60414;0,2247696
E4_Bvp;1652105466,61977;-1,061977
E4_Bvp;1652105466,63539;-2,681904
E4_Bvp;1652105466,65102;-4,607098
E4_Bvp;1652105466,66665;-6,658855
E4_Bvp;1652105466,68227;-8,586967
E4_Bvp;1652105466,6979;-10,23854
E4_Bvp;1652105466,71352;-11,6584
E4_Bvp;1652105466,72915;-13,03553
E4_Bvp;1652105466,74477;-14,66727
E4_Bvp;1652105466,7604;-16,77507
E4_Bvp;1652105466,77603;-19,47951
E4_Bvp;1652105466,79165;-22,78531
E4_Bvp;1652105466,80728;-26,57411
E4_Bvp;1652105466,8229;-30,6265
E4_Bvp;1652105466,83853;-34,60169
E4_Bvp;1652105466,85415;-37,95335
E4_Bvp;1652105466,86978;-39,99682
E4_Bvp;1652105466,88541;-40,03088
ManipulatedHR;1652105461,48431;108.5826
E4_Bvp;1652105466,90103;-37,55986
E4_Bvp;1652105466,91666;-32,51328
E4_Bvp;1652105466,93228;-25,31735
E4_Bvp;1652105466,94791;-16,80709
E4_Bvp;1652105466,96353;-7,999161
E4_Bvp;1652105466,97916;0,1412277
E4_Bvp;1652105466,99479;6,958557
E4_Bvp;1652105467,01041;12,16582
E4_Hr;1652105461,48431;62,94791
E4_Ibi;1652105461,48431;0,9531691
E4_Bvp;1652105467,02604;15,77054
E4_Bvp;1652105467,04166;18,00209
E4_Bvp;1652105467,05729;19,15618
E4_Bvp;1652105467,07291;19,52402
E4_Bvp;1652105467,08854;19,35261
E4_Bvp;1652105467,10417;18,85292
E4_Bvp;1652105467,11979;18,20805
E4_Bvp;1652105467,13542;17,60493
E4_Bvp;1652105467,15104;17,24089
E4_Bvp;1652105467,16667;17,2846
E4_Bvp;1652105467,1823;17,83521
E4_Bvp;1652105467,19792;18,90259
E4_Bvp;1652105467,21355;20,38564
E4_Bvp;1652105467,22917;22,08142
E4_Bvp;1652105467,2448;23,71869
E4_Bvp;1652105467,26042;25,05622
E4_Bvp;1652105467,27605;25,90032
E4_Bvp;1652105467,29168;26,14009
E4_Bvp;1652105467,3073;25,74285
E4_Bvp;1652105467,32293;24,73569
E4_Bvp;1652105467,33855;23,18852
E4_Bvp;1652105467,35418;21,2026
E4_Bvp;1652105467,3698;18,90559
E4_Bvp;1652105467,38543;16,4184
E4_Bvp;1652105467,40106;13,86213
E4_Bvp;1652105467,41668;11,34663
E4_Bvp;1652105467,43231;8,962776
E4_Bvp;1652105467,44793;6,778709
E4_Bvp;1652105467,46356;4,83651
E4_Bvp;1652105467,47918;3,139175
E4_Bvp;1652105467,49481;1,648491
E4_Bvp;1652105467,51044;0,2793121
E4_Bvp;1652105467,52606;-1,074059
E4_Bvp;1652105467,54169;-2,500145
E4_Bvp;1652105467,55731;-3,999847
E4_Bvp;1652105467,57294;-5,522476
E4_Bvp;1652105467,58856;-6,967575
E4_Bvp;1652105467,60419;-8,280609
E4_Bvp;1652105467,61982;-9,485168
E4_Bvp;1652105467,63544;-10,70872
E4_Bvp;1652105467,65107;-12,12181
E4_Bvp;1652105467,66669;-13,84493
E4_Bvp;1652105467,68232;-15,8965
E4_Bvp;1652105467,69794;-18,22739
E4_Bvp;1652105467,71357;-20,7687
E4_Bvp;1652105467,7292;-23,49437
E4_Bvp;1652105467,74482;-26,41096
E4_Bvp;1652105467,76045;-29,42845
E4_Bvp;1652105467,77607;-32,26158
E4_Bvp;1652105467,7917;-34,35772
E4_Bvp;1652105467,80732;-35,01499
E4_Bvp;1652105467,82295;-33,60185
E4_Bvp;1652105467,83858;-29,82746
E4_Bvp;1652105467,8542;-23,90055
E4_Bvp;1652105467,86983;-16,45182
E4_Bvp;1652105467,88545;-8,402836
E4_Bvp;1652105467,90108;-0,6238327
E4_Bvp;1652105467,9167;6,203011
E4_Gsr;1652105466,408;0,05638875
E4_Gsr;1652105466,658;0,05767032
E4_Gsr;1652105466,908;0,05382563
E4_Gsr;1652105467,158;0,05382563
E4_Gsr;1652105467,408;0,05382563
E4_Gsr;1652105467,658;0,05510719
ManipulatedHR;1652105462,3906;66.18847
E4_Bvp;1652105467,93233;11,69031
E4_Hr;1652105462,3906;66,20383
E4_Ibi;1652105462,3906;0,9062919
E4_Bvp;1652105467,94796;15,66806
E4_Bvp;1652105467,96358;18,14804
E4_Bvp;1652105467,97921;19,25323
E4_Bvp;1652105467,99483;19,19038
E4_Bvp;1652105468,01046;18,28933
E4_Bvp;1652105468,02608;16,93354
E4_Bvp;1652105468,04171;15,54522
E4_Bvp;1652105468,05734;14,48579
E4_Bvp;1652105468,07296;13,95868
E4_Bvp;1652105468,08859;14,02446
E4_Bvp;1652105468,10421;14,61119
E4_Bvp;1652105468,11984;15,57066
E4_Bvp;1652105468,13546;16,7465
E4_Bvp;1652105468,15109;18,02447
E4_Bvp;1652105468,16672;19,29486
E4_Bvp;1652105468,18234;20,46178
E4_Bvp;1652105468,19797;21,40684
E4_Bvp;1652105468,21359;21,95702
E4_Bvp;1652105468,22922;21,9524
E4_Bvp;1652105468,24484;21,28264
E4_Bvp;1652105468,26047;19,94456
E4_Bvp;1652105468,2761;18,05344
E4_Bvp;1652105468,29172;15,8388
E4_Bvp;1652105468,30735;13,56179
E4_Bvp;1652105468,32297;11,435
E4_Bvp;1652105468,3386;9,578423
E4_Bvp;1652105468,35422;7,995667
E4_Bvp;1652105468,36985;6,623989
E4_Bvp;1652105468,38548;5,366776
E4_Bvp;1652105468,4011;4,142555
E4_Bvp;1652105468,41673;2,913761
E4_Bvp;1652105468,43235;1,70578
E4_Bvp;1652105468,44798;0,5525436
E4_Bvp;1652105468,4636;-0,5160866
E4_Bvp;1652105468,47923;-1,529202
E4_Bvp;1652105468,49486;-2,550201
E4_Bvp;1652105468,51048;-3,680805
E4_Bvp;1652105468,52611;-5,02459
E4_Bvp;1652105468,54173;-6,627804
E4_Bvp;1652105468,55736;-8,435555
E4_Bvp;1652105468,57298;-10,31856
E4_Bvp;1652105468,58861;-12,1221
E4_Bvp;1652105468,60424;-13,7732
E4_Bvp;1652105468,61986;-15,29716
E4_Bvp;1652105468,63549;-16,84498
E4_Bvp;1652105468,65111;-18,61459
E4_Bvp;1652105468,66674;-20,80559
E4_Bvp;1652105468,68236;-23,4776
E4_Bvp;1652105468,69799;-26,52406
E4_Bvp;1652105468,71362;-29,62262
E4_Bvp;1652105468,72924;-32,27617
E4_Bvp;1652105468,74487;-33,9276
E4_Bvp;1652105468,76049;-34,02377
E4_Bvp;1652105468,77612;-32,21858
ManipulatedHR;1652105463,31252;65.49342
E4_Bvp;1652105468,79174;-28,44116
E4_Bvp;1652105468,80737;-22,95676
E4_Bvp;1652105468,823;-16,28519
E4_Bvp;1652105468,83862;-9,121902
E4_Bvp;1652105468,85425;-2,154755
E4_Bvp;1652105468,86987;4,025177
E4_Bvp;1652105468,8855;8,991489
E4_Hr;1652105463,31252;65,08173
E4_Ibi;1652105463,31252;0,9219177
E4_Bvp;1652105468,90112;12,51666
E4_Bvp;1652105468,91675;14,52866
E4_Bvp;1652105468,93238;15,15231
E4_Bvp;1652105468,948;14,61627
E4_Bvp;1652105468,96363;13,28754
E4_Bvp;1652105468,97925;11,55535
E4_Bvp;1652105468,99488;9,829786
E4_Bvp;1652105469,0105;8,448524
E4_Bvp;1652105469,02613;7,636663
E4_Bvp;1652105469,04176;7,506598
E4_Bvp;1652105469,05738;8,037584
E4_Bvp;1652105469,07301;9,12676
E4_Bvp;1652105469,08863;10,60835
E4_Bvp;1652105469,10426;12,29606
E4_Bvp;1652105469,11988;13,96619
E4_Bvp;1652105469,13551;15,41467
E4_Bvp;1652105469,15114;16,47196
E4_Bvp;1652105469,16676;17,01307
E4_Bvp;1652105469,18239;17,00028
E4_Bvp;1652105469,19801;16,44004
E4_Bvp;1652105469,21364;15,41315
E4_Bvp;1652105469,22926;14,02582
E4_Bvp;1652105469,24489;12,40897
E4_Bvp;1652105469,26052;10,68822
E4_Bvp;1652105469,27614;8,976702
E4_Bvp;1652105469,29177;7,361494
E4_Gsr;1652105467,908;0,05382563
E4_Gsr;1652105468,158;0,05767032
E4_Gsr;1652105468,408;0,05638875
E4_Gsr;1652105468,658;0,05638875
E4_Gsr;1652105468,908;0,05767032
E4_Gsr;1652105469,158;0,05767032
E4_Bvp;1652105469,30739;5,890345
E4_Bvp;1652105469,32302;4,576763
E4_Bvp;1652105469,33864;3,377783
E4_Bvp;1652105469,35427;2,231058
E4_Bvp;1652105469,3699;1,083149
E4_Bvp;1652105469,38552;-0,08758736
E4_Bvp;1652105469,40115;-1,235521
E4_Bvp;1652105469,41677;-2,2822
E4_Bvp;1652105469,4324;-3,143116
E4_Bvp;1652105469,44802;-3,808738
E4_Bvp;1652105469,46365;-4,341882
E4_Bvp;1652105469,47928;-4,892385
E4_Bvp;1652105469,4949;-5,626167
E4_Bvp;1652105469,51053;-6,627433
E4_Bvp;1652105469,52615;-7,89654
E4_Bvp;1652105469,54178;-9,340528
E4_Bvp;1652105469,55741;-10,8284
E4_Bvp;1652105469,57303;-12,28526
E4_Bvp;1652105469,58866;-13,70765
E4_Bvp;1652105469,60428;-15,14682
E4_Bvp;1652105469,61991;-16,69452
E4_Bvp;1652105469,63553;-18,41779
E4_Bvp;1652105469,65116;-20,33502
E4_Bvp;1652105469,66679;-22,38818
E4_Bvp;1652105469,68241;-24,37749
E4_Bvp;1652105469,69804;-25,96481
E4_Bvp;1652105469,71366;-26,66424
E4_Bvp;1652105469,72929;-25,96464
E4_Bvp;1652105469,74491;-23,4715
E4_Bvp;1652105469,76054;-19,09257
E4_Bvp;1652105469,77617;-13,09807
E4_Bvp;1652105469,79179;-6,142254
E4_Bvp;1652105469,80742;0,896102
ManipulatedHR;1652105464,26569;102.0505
E4_Bvp;1652105469,82304;7,170355
E4_Bvp;1652105469,83867;12,02311
E4_Hr;1652105464,26569;62,94791
E4_Ibi;1652105464,26569;0,9531691
E4_Bvp;1652105469,85429;15,16515
E4_Bvp;1652105469,86992;16,6077
E4_Bvp;1652105469,88555;16,61736
E4_Bvp;1652105469,90117;15,55025
E4_Bvp;1652105469,9168;13,81012
E4_Bvp;1652105469,93242;11,76536
E4_Bvp;1652105469,94805;9,747032
E4_Bvp;1652105469,96367;8,06426
E4_Bvp;1652105469,9793;6,950243
E4_Bvp;1652105469,99493;6,572811
E4_Bvp;1652105470,01055;7,018825
E4_Bvp;1652105470,02618;8,257722
E4_Bvp;1652105470,0418;10,13021
E4_Bvp;1652105470,05743;12,39272
E4_Bvp;1652105470,07305;14,69024
E4_Bvp;1652105470,08868;16,63827
E4_Bvp;1652105470,10431;17,90987
E4_Bvp;1652105470,11993;18,27909
E4_Bvp;1652105470,13556;17,71545
E4_Bvp;1652105470,15118;16,34413
E4_Bvp;1652105470,16681;14,39521
E4_Bvp;1652105470,18243;12,16121
E4_Bvp;1652105470,19806;9,924
E4_Bvp;1652105470,21369;7,873629
E4_Bvp;1652105470,22931;6,118528
E4_Bvp;1652105470,24494;4,69057
E4_Bvp;1652105470,26056;3,526111
E4_Bvp;1652105470,27619;2,552163
E4_Bvp;1652105470,29181;1,682656
E4_Bvp;1652105470,30744;0,8631144
E4_Bvp;1652105470,32307;0,06185913
E4_Bvp;1652105470,33869;-0,7122259
E4_Bvp;1652105470,35432;-1,479667
E4_Bvp;1652105470,36994;-2,285476
E4_Bvp;1652105470,38557;-3,16184
E4_Bvp;1652105470,40119;-4,194821
E4_Bvp;1652105470,41682;-5,421976
E4_Bvp;1652105470,43245;-6,860179
E4_Bvp;1652105470,44807;-8,461154
E4_Bvp;1652105470,4637;-10,14082
E4_Bvp;1652105470,47932;-11,79328
E4_Bvp;1652105470,49495;-13,3468
E4_Bvp;1652105470,51057;-14,77585
E4_Bvp;1652105470,5262;-16,12653
E4_Bvp;1652105470,54183;-17,52914
E4_Bvp;1652105470,55745;-19,16083
E4_Bvp;1652105470,57308;-21,21107
E4_Bvp;1652105470,5887;-23,81618
E4_Bvp;1652105470,60433;-26,94148
E4_Bvp;1652105470,61995;-30,30186
E4_Bvp;1652105470,63558;-33,33947
E4_Bvp;1652105470,65121;-35,26942
E4_Bvp;1652105470,66683;-35,31324
ManipulatedHR;1652105465,21886;108.3762
E4_Bvp;1652105470,68246;-32,98515
E4_Bvp;1652105470,69808;-28,23379
E4_Bvp;1652105470,71371;-21,53105
E4_Bvp;1652105470,72933;-13,72871
E4_Bvp;1652105470,74496;-5,793917
E4_Bvp;1652105470,76059;1,420481
E4_Bvp;1652105470,77621;7,336473
E4_Bvp;1652105470,79184;11,72038
E4_Hr;1652105465,21886;62,94789
E4_Ibi;1652105465,21886;0,9531693
E4_Bvp;1652105470,80746;14,5802
E4_Bvp;1652105470,82309;16,06367
E4_Bvp;1652105470,83871;16,40815
E4_Gsr;1652105469,408;0,05767032
E4_Gsr;1652105469,658;0,05638875
E4_Gsr;1652105469,908;0,05254406
E4_Gsr;1652105470,158;0,05510719
E4_Gsr;1652105470,408;0,05382563
E4_Gsr;1652105470,658;0,05510719
E4_Bvp;1652105470,85434;15,90624
E4_Bvp;1652105470,86997;14,88528
E4_Bvp;1652105470,88559;13,69592
E4_Bvp;1652105470,90122;12,68967
E4_Bvp;1652105470,91684;12,13014
E4_Bvp;1652105470,93247;12,16621
E4_Bvp;1652105470,94809;12,80382
E4_Bvp;1652105470,96372;13,8936
E4_Bvp;1652105470,97935;15,27446
E4_Bvp;1652105470,99497;16,78237
E4_Bvp;1652105471,0106;18,31373
E4_Bvp;1652105471,02622;19,77805
E4_Bvp;1652105471,04185;21,1005
E4_Bvp;1652105471,05747;22,12748
E4_Bvp;1652105471,0731;22,68295
E4_Bvp;1652105471,08873;22,61428
E4_Bvp;1652105471,10435;21,84373
E4_Bvp;1652105471,11998;20,45102
E4_Bvp;1652105471,1356;18,62686
E4_Bvp;1652105471,15123;16,60015
E4_Bvp;1652105471,16685;14,57451
E4_Bvp;1652105471,18248;12,68298
E4_Bvp;1652105471,19811;10,95436
E4_Bvp;1652105471,21373;9,388115
E4_Bvp;1652105471,22936;7,925018
E4_Bvp;1652105471,24498;6,544069
E4_Bvp;1652105471,26061;5,263222
E4_Bvp;1652105471,27623;4,122299
E4_Bvp;1652105471,29186;3,153118
E4_Bvp;1652105471,30749;2,371178
E4_Bvp;1652105471,32311;1,735073
E4_Bvp;1652105471,33874;1,155426
E4_Bvp;1652105471,35436;0,5493546
E4_Bvp;1652105471,36999;-0,1750221
E4_Bvp;1652105471,38561;-1,067131
E4_Bvp;1652105471,40124;-2,135403
E4_Bvp;1652105471,41687;-3,395454
E4_Bvp;1652105471,43249;-4,865334
E4_Bvp;1652105471,44812;-6,511826
E4_Bvp;1652105471,46374;-8,275379
E4_Bvp;1652105471,47937;-10,07606
E4_Bvp;1652105471,49499;-11,84608
E4_Bvp;1652105471,51062;-13,58075
E4_Bvp;1652105471,52625;-15,36232
E4_Bvp;1652105471,54187;-17,33707
E4_Bvp;1652105471,5575;-19,64634
E4_Bvp;1652105471,57312;-22,33278
E4_Bvp;1652105471,58875;-25,23554
E4_Bvp;1652105471,60437;-27,98965
E4_Bvp;1652105471,62;-30,07266
E4_Bvp;1652105471,63563;-30,89852
E4_Bvp;1652105471,65125;-29,97689
E4_Bvp;1652105471,66688;-27,02939
E4_Bvp;1652105471,6825;-22,10317
E4_Bvp;1652105471,69813;-15,59752
ManipulatedHR;1652105466,17203;107.9563
E4_Bvp;1652105471,71375;-8,207874
E4_Bvp;1652105471,72938;-0,7755318
E4_Bvp;1652105471,74501;5,893745
E4_Bvp;1652105471,76063;11,18843
E4_Hr;1652105466,17203;62,94791
E4_Ibi;1652105466,17203;0,9531691
E4_Bvp;1652105471,77626;14,8329
E4_Bvp;1652105471,79188;16,84295
E4_Bvp;1652105471,80751;17,45112
E4_Bvp;1652105471,82313;16,97744
E4_Bvp;1652105471,83876;15,71092
E4_Bvp;1652105471,85439;13,92483
E4_Bvp;1652105471,87001;11,90669
E4_Bvp;1652105471,88564;9,972557
E4_Bvp;1652105471,90126;8,460911
E4_Bvp;1652105471,91689;7,658173
E4_Bvp;1652105471,93251;7,666237
E4_Bvp;1652105471,94814;8,405251
E4_Bvp;1652105471,96377;9,621994
E4_Bvp;1652105471,97939;10,99622
E4_Bvp;1652105471,99502;12,25386
E4_Bvp;1652105472,01064;13,23291
E4_Bvp;1652105472,02627;13,89082
E4_Bvp;1652105472,0419;14,21871
E4_Bvp;1652105472,05752;14,23827
E4_Bvp;1652105472,07315;13,91648
E4_Bvp;1652105472,08877;13,26112
E4_Bvp;1652105472,1044;12,30153
E4_Bvp;1652105472,12002;11,12039
E4_Bvp;1652105472,13565;9,833466
E4_Bvp;1652105472,15128;8,539299
E4_Bvp;1652105472,1669;7,300766
E4_Bvp;1652105472,18253;6,093567
E4_Bvp;1652105472,19815;4,877205
E4_Bvp;1652105472,21378;3,581581
E4_Bvp;1652105472,2294;2,215141
E4_Bvp;1652105472,24503;0,84198
E4_Bvp;1652105472,26066;-0,4070129
E4_Bvp;1652105472,27628;-1,403336
E4_Bvp;1652105472,29191;-2,087288
E4_Bvp;1652105472,30753;-2,506104
E4_Bvp;1652105472,32316;-2,778496
E4_Bvp;1652105472,33878;-3,050056
E4_Bvp;1652105472,35441;-3,471603
E4_Bvp;1652105472,37004;-4,127129
E4_Bvp;1652105472,38566;-5,073593
E4_Gsr;1652105470,908;0,05510719
E4_Gsr;1652105471,158;0,05767032
E4_Gsr;1652105471,408;0,05767032
E4_Gsr;1652105471,658;0,05767032
E4_Gsr;1652105471,908;0,05638875
E4_Gsr;1652105472,158;0,05895188
E4_Bvp;1652105472,40129;-6,338081
E4_Bvp;1652105472,41691;-7,895935
E4_Bvp;1652105472,43254;-9,665382
E4_Bvp;1652105472,44816;-11,50427
E4_Bvp;1652105472,46379;-13,23794
E4_Bvp;1652105472,47942;-14,70647
E4_Bvp;1652105472,49504;-15,89711
E4_Bvp;1652105472,51067;-16,93324
E4_Bvp;1652105472,52629;-18,05532
E4_Bvp;1652105472,54192;-19,50768
E4_Bvp;1652105472,55754;-21,39095
E4_Bvp;1652105472,57317;-23,60772
E4_Bvp;1652105472,5888;-25,799
E4_Bvp;1652105472,60442;-27,40453
E4_Bvp;1652105472,62005;-27,8119
E4_Bvp;1652105472,63567;-26,48919
E4_Bvp;1652105472,6513;-23,20479
E4_Bvp;1652105472,66692;-18,069
E4_Bvp;1652105472,68255;-11,58444
E4_Bvp;1652105472,69818;-4,522011
E4_Bvp;1652105472,7138;2,270767
E4_Bvp;1652105472,72943;8,078781
ManipulatedHR;1652105467,14082;100.6351
E4_Hr;1652105467,14082;61,93262
E4_Ibi;1652105467,14082;0,9687948
E4_Bvp;1652105472,74505;12,43391
E4_Bvp;1652105472,76068;15,14439
E4_Bvp;1652105472,7763;16,25374
E4_Bvp;1652105472,79193;15,93716
E4_Bvp;1652105472,80756;14,48456
E4_Bvp;1652105472,82318;12,27076
E4_Bvp;1652105472,83881;9,748413
E4_Bvp;1652105472,85443;7,38517
E4_Bvp;1652105472,87006;5,602341
E4_Bvp;1652105472,88568;4,670776
E4_Bvp;1652105472,90131;4,6427
E4_Bvp;1652105472,91694;5,41507
E4_Bvp;1652105472,93256;6,756638
E4_Bvp;1652105472,94819;8,413734
E4_Bvp;1652105472,96381;10,18423
E4_Bvp;1652105472,97944;11,8671
E4_Bvp;1652105472,99506;13,30354
E4_Bvp;1652105473,01069;14,34054
E4_Bvp;1652105473,02632;14,8563
E4_Bvp;1652105473,04194;14,79497
E4_Bvp;1652105473,05757;14,19992
E4_Bvp;1652105473,07319;13,18985
E4_Bvp;1652105473,08882;11,91898
E4_Bvp;1652105473,10444;10,54813
E4_Bvp;1652105473,12007;9,136086
E4_Bvp;1652105473,1357;7,719025
E4_Bvp;1652105473,15132;6,302521
E4_Bvp;1652105473,16695;4,878906
E4_Bvp;1652105473,18257;3,487137
E4_Bvp;1652105473,1982;2,158157
E4_Bvp;1652105473,21382;0,9078217
E4_Bvp;1652105473,22945;-0,2971191
E4_Bvp;1652105473,24508;-1,480316
E4_Bvp;1652105473,2607;-2,657486
E4_Bvp;1652105473,27633;-3,764801
E4_Bvp;1652105473,29195;-4,671341
E4_Bvp;1652105473,30758;-5,277893
E4_Bvp;1652105473,3232;-5,575562
E4_Bvp;1652105473,33883;-5,674255
E4_Bvp;1652105473,35446;-5,794037
E4_Bvp;1652105473,37008;-6,176025
E4_Bvp;1652105473,38571;-6,95166
E4_Bvp;1652105473,40133;-8,147018
E4_Bvp;1652105473,41696;-9,638138
E4_Bvp;1652105473,43258;-11,26558
E4_Bvp;1652105473,44821;-12,91269
E4_Bvp;1652105473,46384;-14,57492
E4_Bvp;1652105473,47946;-16,36569
E4_Bvp;1652105473,49509;-18,43953
E4_Bvp;1652105473,51071;-20,90378
E4_Bvp;1652105473,52634;-23,72005
E4_Bvp;1652105473,54196;-26,67279
E4_Bvp;1652105473,55759;-29,35507
E4_Bvp;1652105473,57322;-31,26303
E4_Bvp;1652105473,58884;-31,87354
ManipulatedHR;1652105468,10961;108.2782
E4_Bvp;1652105473,60447;-30,78072
E4_Bvp;1652105473,62009;-27,83119
E4_Bvp;1652105473,63572;-23,18102
E4_Bvp;1652105473,65134;-17,28529
E4_Bvp;1652105473,66697;-10,81831
E4_Bvp;1652105473,6826;-4,5242
E4_Bvp;1652105473,69822;0,9458313
E4_Bvp;1652105473,71385;5,156296
E4_Bvp;1652105473,72947;7,926682
E4_Hr;1652105468,10961;61,93262
E4_Ibi;1652105468,10961;0,9687948
E4_Bvp;1652105473,7451;9,343262
E4_Bvp;1652105473,76072;9,677002
E4_Bvp;1652105473,77635;9,229675
E4_Bvp;1652105473,79198;8,307938
E4_Bvp;1652105473,8076;7,164276
E4_Bvp;1652105473,82323;5,994629
E4_Bvp;1652105473,83885;4,98291
E4_Bvp;1652105473,85448;4,320465
E4_Bvp;1652105473,8701;4,17244
E4_Bvp;1652105473,88573;4,637222
E4_Bvp;1652105473,90136;5,709442
E4_Bvp;1652105473,91698;7,237503
E4_Bvp;1652105473,93261;8,973053
E4_Gsr;1652105472,408;0,05510719
E4_Gsr;1652105472,658;0,05510719
E4_Gsr;1652105472,908;0,05510719
E4_Gsr;1652105473,158;0,05638875
E4_Gsr;1652105473,408;0,05510719
E4_Gsr;1652105473,658;0,05638875
E4_Bvp;1652105473,94823;10,63066
E4_Bvp;1652105473,96386;11,95261
E4_Bvp;1652105473,97948;12,7581
E4_Bvp;1652105473,99511;12,95453
E4_Bvp;1652105474,01074;12,53658
E4_Bvp;1652105474,02636;11,57333
E4_Bvp;1652105474,04199;10,20621
E4_Bvp;1652105474,05761;8,623917
E4_Bvp;1652105474,07324;7,002502
E4_Bvp;1652105474,08886;5,455368
E4_Bvp;1652105474,10449;4,026031
E4_Bvp;1652105474,12012;2,699188
E4_Bvp;1652105474,13574;1,450241
E4_Bvp;1652105474,15137;0,296051
E4_Bvp;1652105474,16699;-0,667572
E4_Bvp;1652105474,18262;-1,340118
E4_Bvp;1652105474,19824;-1,649826
E4_Bvp;1652105474,21387;-1,609192
E4_Bvp;1652105474,2295;-1,319916
E4_Bvp;1652105474,24512;-0,9831085
E4_Bvp;1652105474,26075;-0,7718506
E4_Bvp;1652105474,27637;-0,8492889
E4_Bvp;1652105474,292;-1,286102
E4_Bvp;1652105474,30763;-2,061401
E4_Bvp;1652105474,32325;-3,081284
E4_Bvp;1652105474,33888;-4,21582
E4_Bvp;1652105474,3545;-5,371826
E4_Bvp;1652105474,37013;-6,45462
E4_Bvp;1652105474,38575;-7,463333
E4_Bvp;1652105474,40138;-8,4478
E4_Bvp;1652105474,41701;-9,500977
E4_Bvp;1652105474,43263;-10,73845
E4_Bvp;1652105474,44826;-12,29927
E4_Bvp;1652105474,46388;-14,28668
E4_Bvp;1652105474,47951;-16,67369
E4_Bvp;1652105474,49513;-19,26445
E4_Bvp;1652105474,51076;-21,60011
E4_Bvp;1652105474,52639;-23,10741
E4_Bvp;1652105474,54201;-23,19807
E4_Bvp;1652105474,55764;-21,49348
E4_Bvp;1652105474,57326;-17,95006
E4_Bvp;1652105474,58889;-12,9028
E4_Bvp;1652105474,60451;-6,950714
E4_Bvp;1652105474,62014;-0,8097534
ManipulatedHR;1652105469,10966;100.7211
E4_Bvp;1652105474,63577;4,847626
E4_Bvp;1652105474,65139;9,518967
E4_Hr;1652105469,10966;59,99723
E4_Ibi;1652105469,10966;1,000046
E4_Bvp;1652105474,66702;12,94121
E4_Bvp;1652105474,68264;15,05185
E4_Bvp;1652105474,69827;15,92691
E4_Bvp;1652105474,71389;15,72954
E4_Bvp;1652105474,72952;14,62964
E4_Bvp;1652105474,74515;12,86644
E4_Bvp;1652105474,76077;10,72963
E4_Bvp;1652105474,7764;8,559265
E4_Bvp;1652105474,79202;6,738235
E4_Bvp;1652105474,80765;5,603882
E4_Bvp;1652105474,82327;5,359848
E4_Bvp;1652105474,8389;6,011063
E4_Bvp;1652105474,85453;7,350693
E4_Bvp;1652105474,87015;9,042725
E4_Bvp;1652105474,88578;10,76335
E4_Bvp;1652105474,9014;12,25749
E4_Bvp;1652105474,91703;13,36945
E4_Bvp;1652105474,93265;14,03317
E4_Bvp;1652105474,94828;14,216
E4_Bvp;1652105474,96391;13,87045
E4_Bvp;1652105474,97953;12,98514
E4_Bvp;1652105474,99516;11,58083
E4_Bvp;1652105475,01078;9,76416
E4_Bvp;1652105475,02641;7,709869
E4_Bvp;1652105475,04203;5,620651
E4_Bvp;1652105475,05766;3,67746
E4_Bvp;1652105475,07329;1,979477
E4_Bvp;1652105475,08891;0,5416412
E4_Bvp;1652105475,10454;-0,6869354
E4_Bvp;1652105475,12016;-1,76799
E4_Bvp;1652105475,13579;-2,700302
E4_Bvp;1652105475,15141;-3,449966
E4_Bvp;1652105475,16704;-4,006119
E4_Bvp;1652105475,18267;-4,428741
E4_Bvp;1652105475,19829;-4,884094
E4_Bvp;1652105475,21392;-5,586578
E4_Bvp;1652105475,22954;-6,711105
E4_Bvp;1652105475,24517;-8,297913
E4_Bvp;1652105475,26079;-10,22902
E4_Bvp;1652105475,27642;-12,2739
E4_Bvp;1652105475,29205;-14,20219
E4_Bvp;1652105475,30767;-15,87328
E4_Gsr;1652105473,908;0,05767032
E4_Gsr;1652105474,158;0,05895188
E4_Gsr;1652105474,408;0,05895188
E4_Gsr;1652105474,658;0,05767032
E4_Gsr;1652105474,908;0,05510719
E4_Gsr;1652105475,158;0,05510719
E4_Bvp;1652105475,3233;-17,30421
E4_Bvp;1652105475,33892;-18,66125
E4_Bvp;1652105475,35455;-20,17696
E4_Bvp;1652105475,37017;-22,09314
E4_Bvp;1652105475,3858;-24,53397
E4_Bvp;1652105475,40143;-27,44749
E4_Bvp;1652105475,41705;-30,55579
E4_Bvp;1652105475,43268;-33,35468
E4_Bvp;1652105475,4483;-35,15042
E4_Bvp;1652105475,46393;-35,28471
E4_Bvp;1652105475,47955;-33,25276
ManipulatedHR;1652105470,03158;71.09171
E4_Bvp;1652105475,49518;-28,92314
E4_Bvp;1652105475,51081;-22,64726
E4_Bvp;1652105475,52643;-15,13391
E4_Bvp;1652105475,54206;-7,293671
E4_Bvp;1652105475,55768;0,01020813
E4_Bvp;1652105475,57331;6,108948
E4_Bvp;1652105475,58893;10,66713
E4_Hr;1652105470,03158;65,08173
E4_Ibi;1652105470,03158;0,9219177
E4_Bvp;1652105475,60456;13,61954
E4_Bvp;1652105475,62019;15,14635
E4_Bvp;1652105475,63581;15,53598
E4_Bvp;1652105475,65144;15,12614
E4_Bvp;1652105475,66706;14,23492
E4_Bvp;1652105475,68269;13,13124
E4_Bvp;1652105475,69831;12,04444
E4_Bvp;1652105475,71394;11,11604
E4_Bvp;1652105475,72957;10,46495
E4_Bvp;1652105475,74519;10,17974
E4_Bvp;1652105475,76082;10,3129
E4_Bvp;1652105475,77644;10,86143
E4_Bvp;1652105475,79207;11,75325
E4_Bvp;1652105475,80769;12,88287
E4_Bvp;1652105475,82332;14,11779
E4_Bvp;1652105475,83895;15,34036
E4_Bvp;1652105475,85457;16,44048
E4_Bvp;1652105475,8702;17,32044
E4_Bvp;1652105475,88582;17,85505
E4_Bvp;1652105475,90145;17,90876
E4_Bvp;1652105475,91707;17,36163
E4_Bvp;1652105475,9327;16,18497
E4_Bvp;1652105475,94833;14,4754
E4_Bvp;1652105475,96395;12,42099
E4_Bvp;1652105475,97958;10,24771
E4_Bvp;1652105475,9952;8,177002
E4_Bvp;1652105476,01083;6,331459
E4_Bvp;1652105476,02645;4,756424
E4_Bvp;1652105476,04208;3,386444
E4_Bvp;1652105476,05771;2,135284
E4_Bvp;1652105476,07333;0,8860474
E4_Bvp;1652105476,08896;-0,4131851
E4_Bvp;1652105476,10458;-1,793297
E4_Bvp;1652105476,12021;-3,236832
E4_Bvp;1652105476,13583;-4,697205
E4_Bvp;1652105476,15146;-6,162224
E4_Bvp;1652105476,16709;-7,650505
E4_Bvp;1652105476,18271;-9,212158
E4_Bvp;1652105476,19834;-10,8677
E4_Bvp;1652105476,21396;-12,59451
E4_Bvp;1652105476,22959;-14,3231
E4_Bvp;1652105476,24521;-15,97704
E4_Bvp;1652105476,26084;-17,51579
E4_Bvp;1652105476,27647;-18,95844
E4_Bvp;1652105476,29209;-20,43974
E4_Bvp;1652105476,30772;-22,12106
E4_Bvp;1652105476,32334;-24,14822
E4_Bvp;1652105476,33897;-26,55416
E4_Bvp;1652105476,35459;-29,20828
E4_Bvp;1652105476,37022;-31,75213
E4_Bvp;1652105476,38585;-33,67271
E4_Bvp;1652105476,40147;-34,339
E4_Bvp;1652105476,4171;-33,16859
E4_Bvp;1652105476,43272;-29,8205
E4_Bvp;1652105476,44835;-24,34513
E4_Bvp;1652105476,46397;-17,24049
E4_Bvp;1652105476,4796;-9,320534
E4_Bvp;1652105476,49523;-1,536255
E4_Bvp;1652105476,51085;5,281204
ManipulatedHR;1652105470,96912;111.6473
E4_Bvp;1652105476,52648;10,63232
E4_Hr;1652105470,96912;63,99702
E4_Ibi;1652105470,96912;0,9375436
E4_Bvp;1652105476,5421;14,36493
E4_Bvp;1652105476,55773;16,68649
E4_Bvp;1652105476,57335;17,90295
E4_Bvp;1652105476,58898;18,35341
E4_Bvp;1652105476,60461;18,27306
E4_Bvp;1652105476,62023;17,80496
E4_Bvp;1652105476,63586;17,1258
E4_Bvp;1652105476,65148;16,39986
E4_Bvp;1652105476,66711;15,86512
E4_Bvp;1652105476,68273;15,70608
E4_Bvp;1652105476,69836;16,04783
E4_Bvp;1652105476,71399;16,83575
E4_Bvp;1652105476,72961;17,95691
E4_Bvp;1652105476,74524;19,24196
E4_Bvp;1652105476,76086;20,55034
E4_Bvp;1652105476,77649;21,80297
E4_Bvp;1652105476,79211;22,90937
E4_Bvp;1652105476,80774;23,75744
E4_Bvp;1652105476,82337;24,19166
E4_Bvp;1652105476,83899;24,05433
E4_Bvp;1652105476,85462;23,24752
E4_Gsr;1652105475,408;0,05510719
E4_Gsr;1652105475,658;0,05510719
E4_Gsr;1652105475,908;0,05638875
E4_Gsr;1652105476,158;0,05767032
E4_Gsr;1652105476,408;0,05895188
E4_Gsr;1652105476,658;0,05767032
E4_Bvp;1652105476,87024;21,80435
E4_Bvp;1652105476,88587;19,86126
E4_Bvp;1652105476,90149;17,60139
E4_Bvp;1652105476,91712;15,22696
E4_Bvp;1652105476,93275;12,87249
E4_Bvp;1652105476,94837;10,63245
E4_Bvp;1652105476,964;8,53083
E4_Bvp;1652105476,97962;6,582283
E4_Bvp;1652105476,99525;4,802315
E4_Bvp;1652105477,01088;3,206635
E4_Bvp;1652105477,0265;1,825615
E4_Bvp;1652105477,04213;0,6562538
E4_Bvp;1652105477,05775;-0,3218384
E4_Bvp;1652105477,07338;-1,183758
E4_Bvp;1652105477,089;-2,003239
E4_Bvp;1652105477,10463;-2,854561
E4_Bvp;1652105477,12026;-3,786636
E4_Bvp;1652105477,13588;-4,839954
E4_Bvp;1652105477,15151;-6,041084
E4_Bvp;1652105477,16713;-7,428734
E4_Bvp;1652105477,18276;-9,053162
E4_Bvp;1652105477,19838;-10,91335
E4_Bvp;1652105477,21401;-12,98978
E4_Bvp;1652105477,22964;-15,19646
E4_Bvp;1652105477,24526;-17,48478
E4_Bvp;1652105477,26089;-19,84262
E4_Bvp;1652105477,27651;-22,39146
E4_Bvp;1652105477,29214;-25,29031
E4_Bvp;1652105477,30776;-28,61721
E4_Bvp;1652105477,32339;-32,1977
E4_Bvp;1652105477,33902;-35,48477
E4_Bvp;1652105477,35464;-37,65493
E4_Bvp;1652105477,37027;-37,822
ManipulatedHR;1652105471,90667;70.72578
E4_Bvp;1652105477,38589;-35,36494
E4_Bvp;1652105477,40152;-30,16146
E4_Bvp;1652105477,41714;-22,7097
E4_Bvp;1652105477,43277;-14,0033
E4_Bvp;1652105477,4484;-5,215279
E4_Bvp;1652105477,46402;2,595146
E4_Bvp;1652105477,47965;8,773464
E4_Bvp;1652105477,49527;13,13187
E4_Hr;1652105471,90667;63,99704
E4_Ibi;1652105471,90667;0,9375434
E4_Bvp;1652105477,5109;15,83369
E4_Bvp;1652105477,52652;17,23122
E4_Bvp;1652105477,54215;17,67154
E4_Bvp;1652105477,55778;17,40744
E4_Bvp;1652105477,5734;16,60629
E4_Bvp;1652105477,58903;15,44753
E4_Bvp;1652105477,60465;14,14969
E4_Bvp;1652105477,62028;13,02607
E4_Bvp;1652105477,6359;12,38304
E4_Bvp;1652105477,65153;12,42579
E4_Bvp;1652105477,66716;13,21005
E4_Bvp;1652105477,68278;14,60309
E4_Bvp;1652105477,69841;16,35584
E4_Bvp;1652105477,71403;18,16278
E4_Bvp;1652105477,72966;19,74942
E4_Bvp;1652105477,74528;20,90913
E4_Bvp;1652105477,76091;21,51923
E4_Bvp;1652105477,77654;21,52826
E4_Bvp;1652105477,79216;20,93294
E4_Bvp;1652105477,80779;19,78571
E4_Bvp;1652105477,82341;18,13456
E4_Bvp;1652105477,83904;16,07409
E4_Bvp;1652105477,85466;13,70966
E4_Bvp;1652105477,87029;11,1979
E4_Bvp;1652105477,88592;8,719501
E4_Bvp;1652105477,90154;6,485184
E4_Bvp;1652105477,91717;4,666126
E4_Bvp;1652105477,93279;3,310337
E4_Bvp;1652105477,94842;2,391563
E4_Bvp;1652105477,96404;1,736145
E4_Bvp;1652105477,97967;1,114948
E4_Bvp;1652105477,9953;0,3039665
E4_Bvp;1652105478,01092;-0,8408737
E4_Bvp;1652105478,02655;-2,371891
E4_Bvp;1652105478,04217;-4,24691
E4_Bvp;1652105478,0578;-6,340057
E4_Bvp;1652105478,07342;-8,509075
E4_Bvp;1652105478,08905;-10,60303
E4_Bvp;1652105478,10468;-12,54119
E4_Bvp;1652105478,1203;-14,31081
E4_Bvp;1652105478,13593;-16,02343
E4_Bvp;1652105478,15155;-17,86962
E4_Bvp;1652105478,16718;-20,08199
E4_Bvp;1652105478,1828;-22,82645
E4_Bvp;1652105478,19843;-26,04558
E4_Bvp;1652105478,21406;-29,42461
E4_Bvp;1652105478,22968;-32,37427
ManipulatedHR;1652105472,87546;73.94792
E4_Bvp;1652105478,24531;-34,14865
E4_Bvp;1652105478,26093;-34,04211
E4_Bvp;1652105478,27656;-31,62502
E4_Bvp;1652105478,29218;-26,88043
E4_Bvp;1652105478,30781;-20,26647
E4_Bvp;1652105478,32344;-12,57328
E4_Bvp;1652105478,33906;-4,704
E4_Bvp;1652105478,35469;2,519426
E4_Bvp;1652105478,37031;8,568579
E4_Hr;1652105472,87546;61,93262
E4_Ibi;1652105472,87546;0,9687948
E4_Bvp;1652105478,38594;13,19945
E4_Bvp;1652105478,40156;16,44563
E4_Gsr;1652105476,908;0,05895188
E4_Gsr;1652105477,158;0,05767032
E4_Gsr;1652105477,408;0,05510719
E4_Gsr;1652105477,658;0,05510719
E4_Gsr;1652105477,908;0,05510719
E4_Gsr;1652105478,158;0,05638875
E4_Bvp;1652105478,41719;18,45937
E4_Bvp;1652105478,43282;19,43095
E4_Bvp;1652105478,44844;19,51036
E4_Bvp;1652105478,46407;18,87197
E4_Bvp;1652105478,47969;17,75153
E4_Bvp;1652105478,49532;16,43819
E4_Bvp;1652105478,51094;15,28013
E4_Bvp;1652105478,52657;14,5482
E4_Bvp;1652105478,5422;14,42435
E4_Bvp;1652105478,55782;14,91987
E4_Bvp;1652105478,57345;15,90839
E4_Bvp;1652105478,58907;17,17269
E4_Bvp;1652105478,6047;18,4726
E4_Bvp;1652105478,62032;19,61238
E4_Bvp;1652105478,63595;20,42359
E4_Bvp;1652105478,65158;20,81664
E4_Bvp;1652105478,6672;20,72497
E4_Bvp;1652105478,68283;20,11718
E4_Bvp;1652105478,69845;19,00604
E4_Bvp;1652105478,71408;17,42981
E4_Bvp;1652105478,7297;15,47192
E4_Bvp;1652105478,74533;13,24006
E4_Bvp;1652105478,76096;10,89662
E4_Bvp;1652105478,77658;8,57713
E4_Bvp;1652105478,79221;6,431259
E4_Bvp;1652105478,80783;4,511991
E4_Bvp;1652105478,82346;2,755877
E4_Bvp;1652105478,83908;1,045763
E4_Bvp;1652105478,85471;-0,7614613
E4_Bvp;1652105478,87034;-2,734953
E4_Bvp;1652105478,88596;-4,85593
E4_Bvp;1652105478,90159;-6,98394
E4_Bvp;1652105478,91721;-8,967827
E4_Bvp;1652105478,93284;-10,67048
E4_Bvp;1652105478,94846;-12,03592
E4_Bvp;1652105478,96409;-13,17721
E4_Bvp;1652105478,97972;-14,24661
E4_Bvp;1652105478,99534;-15,44534
E4_Bvp;1652105479,01097;-16,97999
E4_Bvp;1652105479,02659;-18,98492
E4_Bvp;1652105479,04222;-21,4159
E4_Bvp;1652105479,05784;-24,01049
E4_Bvp;1652105479,07347;-26,25545
E4_Bvp;1652105479,0891;-27,47493
ManipulatedHR;1652105473,7505;87.36292
E4_Bvp;1652105479,10472;-27,07424
E4_Bvp;1652105479,12035;-24,69839
E4_Bvp;1652105479,13597;-20,36442
E4_Bvp;1652105479,1516;-14,50957
E4_Bvp;1652105479,16723;-7,856922
E4_Bvp;1652105479,18285;-1,181179
E4_Bvp;1652105479,19848;4,831739
E4_Bvp;1652105479,2141;9,717865
E4_Hr;1652105473,7505;68,56825
E4_Ibi;1652105473,7505;0,8750405
E4_Bvp;1652105479,22973;13,2465
E4_Bvp;1652105479,24535;15,35174
E4_Bvp;1652105479,26098;16,0922
E4_Bvp;1652105479,27661;15,64625
E4_Bvp;1652105479,29223;14,2894
E4_Bvp;1652105479,30786;12,40372
E4_Bvp;1652105479,32348;10,43275
E4_Bvp;1652105479,33911;8,803136
E4_Bvp;1652105479,35473;7,818858
E4_Bvp;1652105479,37036;7,672277
E4_Bvp;1652105479,38599;8,365833
E4_Bvp;1652105479,40161;9,784298
E4_Bvp;1652105479,41724;11,6823
E4_Bvp;1652105479,43286;13,74624
E4_Bvp;1652105479,44849;15,63305
E4_Bvp;1652105479,46411;17,02378
E4_Bvp;1652105479,47974;17,70732
E4_Bvp;1652105479,49537;17,61925
E4_Bvp;1652105479,51099;16,87002
E4_Bvp;1652105479,52662;15,6323
E4_Bvp;1652105479,54224;14,09969
E4_Bvp;1652105479,55787;12,37152
E4_Bvp;1652105479,57349;10,49249
E4_Bvp;1652105479,58912;8,476421
E4_Bvp;1652105479,60475;6,393064
E4_Bvp;1652105479,62037;4,347862
E4_Bvp;1652105479,636;2,458874
E4_Bvp;1652105479,65162;0,7958813
E4_Bvp;1652105479,66725;-0,6841831
E4_Bvp;1652105479,68287;-2,080614
E4_Bvp;1652105479,6985;-3,488924
E4_Bvp;1652105479,71413;-4,928602
E4_Bvp;1652105479,72975;-6,330353
E4_Bvp;1652105479,74538;-7,572227
E4_Bvp;1652105479,761;-8,519815
E4_Bvp;1652105479,77663;-9,136728
E4_Gsr;1652105478,408;0,05510719
E4_Gsr;1652105478,658;0,05895188
E4_Gsr;1652105478,908;0,05895188
E4_Gsr;1652105479,158;0,05895188
E4_Gsr;1652105479,408;0,05895188
E4_Gsr;1652105479,658;0,05895188
E4_Bvp;1652105479,79225;-9,503637
E4_Bvp;1652105479,80788;-9,855701
E4_Bvp;1652105479,82351;-10,53323
E4_Bvp;1652105479,83913;-11,87593
E4_Bvp;1652105479,85476;-14,09902
E4_Bvp;1652105479,87038;-17,12742
E4_Bvp;1652105479,88601;-20,55014
E4_Bvp;1652105479,90163;-23,6614
E4_Bvp;1652105479,91726;-25,70053
E4_Bvp;1652105479,93289;-26,0567
E4_Bvp;1652105479,94851;-24,43478
ManipulatedHR;1652105474,59429;86.61345
E4_Bvp;1652105479,96414;-20,91224
E4_Bvp;1652105479,97976;-15,87024
E4_Bvp;1652105479,99539;-9,843575
E4_Bvp;1652105480,01101;-3,450172
E4_Bvp;1652105480,02664;2,729271
E4_Bvp;1652105480,04227;8,156427
E4_Hr;1652105474,59429;71,10782
E4_Ibi;1652105474,59429;0,843789
E4_Bvp;1652105480,05789;12,4095
E4_Bvp;1652105480,07352;15,26757
E4_Bvp;1652105480,08914;16,69479
E4_Bvp;1652105480,10477;16,84798
E4_Bvp;1652105480,12039;16,02482
E4_Bvp;1652105480,13602;14,57989
E4_Bvp;1652105480,15165;12,8368
E4_Bvp;1652105480,16727;11,14977
E4_Bvp;1652105480,1829;9,807476
E4_Bvp;1652105480,19852;9,061102
E4_Bvp;1652105480,21415;9,062246
E4_Bvp;1652105480,22977;9,837618
E4_Bvp;1652105480,2454;11,26966
E4_Bvp;1652105480,26103;13,11586
E4_Bvp;1652105480,27665;15,06921
E4_Bvp;1652105480,29228;16,80953
E4_Bvp;1652105480,3079;18,07866
E4_Bvp;1652105480,32353;18,70906
E4_Bvp;1652105480,33915;18,64357
E4_Bvp;1652105480,35478;17,93958
E4_Bvp;1652105480,37041;16,69588
E4_Bvp;1652105480,38603;15,03793
E4_Bvp;1652105480,40166;13,08035
E4_Bvp;1652105480,41728;10,94999
E4_Bvp;1652105480,43291;8,777649
E4_Bvp;1652105480,44853;6,705669
E4_Bvp;1652105480,46416;4,84053
E4_Bvp;1652105480,47979;3,222801
E4_Bvp;1652105480,49541;1,806007
E4_Bvp;1652105480,51104;0,4522934
E4_Bvp;1652105480,52666;-0,9311752
E4_Bvp;1652105480,54229;-2,417999
E4_Bvp;1652105480,55791;-4,004612
E4_Bvp;1652105480,57354;-5,660252
E4_Bvp;1652105480,58917;-7,316105
E4_Bvp;1652105480,60479;-8,943363
E4_Bvp;1652105480,62042;-10,51434
E4_Bvp;1652105480,63604;-12,00101
E4_Bvp;1652105480,65167;-13,38672
E4_Bvp;1652105480,66729;-14,71076
E4_Bvp;1652105480,68292;-16,09157
E4_Bvp;1652105480,69855;-17,70463
E4_Bvp;1652105480,71417;-19,77335
E4_Bvp;1652105480,7298;-22,41449
E4_Bvp;1652105480,74542;-25,57587
E4_Bvp;1652105480,76105;-28,97668
E4_Bvp;1652105480,77667;-32,05435
E4_Bvp;1652105480,7923;-34,10483
E4_Bvp;1652105480,80793;-34,45901
ManipulatedHR;1652105475,42245;70.78893
E4_Bvp;1652105480,82355;-32,66941
E4_Bvp;1652105480,83918;-28,65338
E4_Bvp;1652105480,8548;-22,75091
E4_Bvp;1652105480,87043;-15,63313
E4_Bvp;1652105480,88605;-8,145454
E4_Bvp;1652105480,90168;-1,093201
E4_Bvp;1652105480,91731;4,939709
E4_Bvp;1652105480,93293;9,628242
E4_Hr;1652105475,42245;72,44947
E4_Ibi;1652105475,42245;0,8281634
E4_Bvp;1652105480,94856;12,87762
E4_Bvp;1652105480,96418;14,79292
E4_Bvp;1652105480,97981;15,62901
E4_Bvp;1652105480,99543;15,68304
E4_Bvp;1652105481,01106;15,27318
E4_Bvp;1652105481,02669;14,66451
E4_Bvp;1652105481,04231;14,03398
E4_Bvp;1652105481,05794;13,46859
E4_Bvp;1652105481,07356;13,02874
E4_Bvp;1652105481,08919;12,76491
E4_Bvp;1652105481,10481;12,78734
E4_Bvp;1652105481,12044;13,24794
E4_Bvp;1652105481,13607;14,19177
E4_Bvp;1652105481,15169;15,55302
E4_Bvp;1652105481,16732;17,09926
E4_Bvp;1652105481,18294;18,49994
E4_Bvp;1652105481,19857;19,44023
E4_Bvp;1652105481,21419;19,7119
E4_Bvp;1652105481,22982;19,24802
E4_Bvp;1652105481,24545;18,1403
E4_Bvp;1652105481,26107;16,5605
E4_Bvp;1652105481,2767;14,71702
E4_Bvp;1652105481,29232;12,82267
E4_Bvp;1652105481,30795;11,04109
E4_Bvp;1652105481,32357;9,463432
E4_Gsr;1652105479,908;0,05382563
E4_Gsr;1652105480,158;0,05510719
E4_Gsr;1652105480,408;0,05510719
E4_Gsr;1652105480,658;0,05510719
E4_Gsr;1652105480,908;0,05510719
E4_Gsr;1652105481,158;0,05638875
E4_Bvp;1652105481,3392;8,154701
E4_Bvp;1652105481,35483;7,09481
E4_Bvp;1652105481,37045;6,202419
E4_Bvp;1652105481,38608;5,372864
E4_Bvp;1652105481,4017;4,469467
E4_Bvp;1652105481,41733;3,412041
E4_Bvp;1652105481,43296;2,204933
E4_Bvp;1652105481,44858;0,944252
E4_Bvp;1652105481,46421;-0,2482376
E4_Bvp;1652105481,47983;-1,245026
E4_Bvp;1652105481,49546;-2,059601
E4_Bvp;1652105481,51108;-2,826942
E4_Bvp;1652105481,52671;-3,774719
E4_Bvp;1652105481,54234;-5,089539
E4_Bvp;1652105481,55796;-6,825287
E4_Bvp;1652105481,57359;-8,842712
E4_Bvp;1652105481,58921;-10,91576
E4_Bvp;1652105481,60484;-12,8515
E4_Bvp;1652105481,62046;-14,55199
E4_Bvp;1652105481,63609;-16,10069
E4_Bvp;1652105481,65172;-17,67966
E4_Bvp;1652105481,66734;-19,50265
E4_Bvp;1652105481,68297;-21,73019
E4_Bvp;1652105481,69859;-24,40768
E4_Bvp;1652105481,71422;-27,3539
E4_Bvp;1652105481,72984;-30,19986
E4_Bvp;1652105481,74547;-32,40981
E4_Bvp;1652105481,7611;-33,34315
E4_Bvp;1652105481,77672;-32,47533
E4_Bvp;1652105481,79235;-29,55147
E4_Bvp;1652105481,80797;-24,69649
E4_Bvp;1652105481,8236;-18,43886
E4_Bvp;1652105481,83922;-11,53781
ManipulatedHR;1652105476,31312;94.05369
E4_Bvp;1652105481,85485;-4,741226
E4_Bvp;1652105481,87048;1,319916
E4_Bvp;1652105481,8861;6,274979
E4_Bvp;1652105481,90173;9,953499
E4_Hr;1652105476,31312;67,3653
E4_Ibi;1652105476,31312;0,8906662
E4_Bvp;1652105481,91735;12,37459
E4_Bvp;1652105481,93298;13,64522
E4_Bvp;1652105481,9486;13,98212
E4_Bvp;1652105481,96423;13,63959
E4_Bvp;1652105481,97986;12,91507
E4_Bvp;1652105481,99548;12,10952
E4_Bvp;1652105482,01111;11,46464
E4_Bvp;1652105482,02673;11,14021
E4_Bvp;1652105482,04236;11,18986
E4_Bvp;1652105482,05798;11,59148
E4_Bvp;1652105482,07361;12,25243
E4_Bvp;1652105482,08924;13,10376
E4_Bvp;1652105482,10486;14,07603
E4_Bvp;1652105482,12049;15,11832
E4_Bvp;1652105482,13611;16,1974
E4_Bvp;1652105482,15174;17,22897
E4_Bvp;1652105482,16736;18,09376
E4_Bvp;1652105482,18299;18,62757
E4_Bvp;1652105482,19862;18,66096
E4_Bvp;1652105482,21424;18,08681
E4_Bvp;1652105482,22987;16,9078
E4_Bvp;1652105482,24549;15,2552
E4_Bvp;1652105482,26112;13,34666
E4_Bvp;1652105482,27674;11,41286
E4_Bvp;1652105482,29237;9,635521
E4_Bvp;1652105482,308;8,098335
E4_Bvp;1652105482,32362;6,81665
E4_Bvp;1652105482,33925;5,72757
E4_Bvp;1652105482,35487;4,739342
E4_Bvp;1652105482,3705;3,781281
E4_Bvp;1652105482,38612;2,7976
E4_Bvp;1652105482,40175;1,769775
E4_Bvp;1652105482,41738;0,7457657
E4_Bvp;1652105482,433;-0,2182007
E4_Bvp;1652105482,44863;-1,087112
E4_Bvp;1652105482,46425;-1,839546
E4_Bvp;1652105482,47988;-2,52076
E4_Bvp;1652105482,4955;-3,215599
E4_Bvp;1652105482,51113;-3,967834
E4_Bvp;1652105482,52676;-4,832466
E4_Bvp;1652105482,54238;-5,841339
E4_Bvp;1652105482,55801;-7,001137
E4_Bvp;1652105482,57363;-8,330467
E4_Bvp;1652105482,58926;-9,825592
E4_Bvp;1652105482,60488;-11,44935
E4_Bvp;1652105482,62051;-13,16794
E4_Bvp;1652105482,63614;-14,94636
E4_Bvp;1652105482,65176;-16,69991
E4_Bvp;1652105482,66739;-18,37592
E4_Bvp;1652105482,68301;-19,90533
E4_Bvp;1652105482,69864;-21,25673
E4_Bvp;1652105482,71426;-22,45268
E4_Bvp;1652105482,72989;-23,65475
E4_Bvp;1652105482,74552;-25,05096
E4_Bvp;1652105482,76114;-26,78677
E4_Bvp;1652105482,77677;-28,77415
E4_Bvp;1652105482,79239;-30,58961
E4_Bvp;1652105482,80802;-31,5546
E4_Bvp;1652105482,82364;-30,92841
E4_Bvp;1652105482,83927;-28,22141
E4_Bvp;1652105482,8549;-23,42657
E4_Bvp;1652105482,87052;-17,06424
E4_Gsr;1652105481,408;0,05895188
E4_Gsr;1652105481,658;0,05638875
E4_Gsr;1652105481,908;0,05895188
E4_Gsr;1652105482,158;0,05638875
E4_Gsr;1652105482,408;0,05382563
E4_Gsr;1652105482,658;0,05510719
ManipulatedHR;1652105477,28191;62.47775
E4_Bvp;1652105482,88615;-10,02667
E4_Bvp;1652105482,90177;-3,282722
E4_Bvp;1652105482,9174;2,376961
E4_Bvp;1652105482,93302;6,580208
E4_Bvp;1652105482,94865;9,289879
E4_Hr;1652105477,28191;61,93262
E4_Ibi;1652105477,28191;0,9687948
E4_Bvp;1652105482,96428;10,73038
E4_Bvp;1652105482,9799;11,23529
E4_Bvp;1652105482,99553;11,07124
E4_Bvp;1652105483,01115;10,45428
E4_Bvp;1652105483,02678;9,567116
E4_Bvp;1652105483,0424;8,594231
E4_Bvp;1652105483,05803;7,741402
E4_Bvp;1652105483,07366;7,220406
E4_Bvp;1652105483,08928;7,196304
E4_Bvp;1652105483,10491;7,740494
E4_Bvp;1652105483,12053;8,815132
E4_Bvp;1652105483,13616;10,28741
E4_Bvp;1652105483,15178;11,98409
E4_Bvp;1652105483,16741;13,72576
E4_Bvp;1652105483,18304;15,33894
E4_Bvp;1652105483,19866;16,66764
E4_Bvp;1652105483,21429;17,57819
E4_Bvp;1652105483,22991;17,96212
E4_Bvp;1652105483,24554;17,78439
E4_Bvp;1652105483,26116;17,05301
E4_Bvp;1652105483,27679;15,85842
E4_Bvp;1652105483,29242;14,31333
E4_Bvp;1652105483,30804;12,58043
E4_Bvp;1652105483,32367;10,78475
E4_Bvp;1652105483,33929;9,028542
E4_Bvp;1652105483,35492;7,400528
E4_Bvp;1652105483,37054;5,968155
E4_Bvp;1652105483,38617;4,791328
E4_Bvp;1652105483,4018;3,892609
E4_Bvp;1652105483,41742;3,228607
E4_Bvp;1652105483,43305;2,693375
E4_Bvp;1652105483,44867;2,171295
E4_Bvp;1652105483,4643;1,587158
E4_Bvp;1652105483,47992;0,9404373
E4_Bvp;1652105483,49555;0,3068542
E4_Bvp;1652105483,51118;-0,2489471
E4_Bvp;1652105483,5268;-0,7297897
E4_Bvp;1652105483,54243;-1,277916
E4_Bvp;1652105483,55805;-2,075439
E4_Bvp;1652105483,57368;-3,314697
E4_Bvp;1652105483,5893;-5,027161
E4_Bvp;1652105483,60493;-7,058334
E4_Bvp;1652105483,62056;-9,156052
E4_Bvp;1652105483,63618;-11,01956
E4_Bvp;1652105483,65181;-12,48822
E4_Bvp;1652105483,66743;-13,54851
E4_Bvp;1652105483,68306;-14,36394
E4_Bvp;1652105483,69868;-15,16068
E4_Bvp;1652105483,71431;-16,16602
E4_Bvp;1652105483,72994;-17,52536
E4_Bvp;1652105483,74556;-19,25838
E4_Bvp;1652105483,76119;-21,25432
E4_Bvp;1652105483,77681;-23,20758
E4_Bvp;1652105483,79244;-24,69547
E4_Bvp;1652105483,80806;-25,16904
E4_Bvp;1652105483,82369;-24,15834
E4_Bvp;1652105483,83932;-21,38419
E4_Bvp;1652105483,85494;-16,94882
E4_Bvp;1652105483,87057;-11,29642
E4_Bvp;1652105483,88619;-5,177567
E4_Bvp;1652105483,90182;0,6361694
ManipulatedHR;1652105478,32884;66.5228
E4_Bvp;1652105483,91744;5,542145
E4_Bvp;1652105483,93307;9,222931
E4_Hr;1652105478,32884;57,31078
E4_Ibi;1652105478,32884;1,046923
E4_Bvp;1652105483,9487;11,67233
E4_Bvp;1652105483,96432;13,05406
E4_Bvp;1652105483,97995;13,59824
E4_Bvp;1652105483,99557;13,5076
E4_Bvp;1652105484,0112;12,9247
E4_Bvp;1652105484,02683;11,95834
E4_Bvp;1652105484,04245;10,7149
E4_Bvp;1652105484,05808;9,349121
E4_Bvp;1652105484,0737;8,05069
E4_Bvp;1652105484,08933;7,060593
E4_Bvp;1652105484,10495;6,615219
E4_Bvp;1652105484,12058;6,879822
E4_Bvp;1652105484,13621;7,899628
E4_Bvp;1652105484,15183;9,547134
E4_Bvp;1652105484,16746;11,54993
E4_Bvp;1652105484,18308;13,57036
E4_Bvp;1652105484,19871;15,29039
E4_Bvp;1652105484,21433;16,47339
E4_Bvp;1652105484,22996;17,00133
E4_Bvp;1652105484,24559;16,83752
E4_Bvp;1652105484,26121;15,98769
E4_Bvp;1652105484,27684;14,53693
E4_Bvp;1652105484,29246;12,61945
E4_Bvp;1652105484,30809;10,45471
E4_Bvp;1652105484,32371;8,312378
E4_Bvp;1652105484,33934;6,446167
E4_Bvp;1652105484,35497;5,003067
E4_Bvp;1652105484,37059;3,999832
E4_Bvp;1652105484,38622;3,284973
E4_Bvp;1652105484,40184;2,654541
E4_Bvp;1652105484,41747;1,904312
E4_Gsr;1652105482,908;0,05510719
E4_Gsr;1652105483,158;0,05510719
E4_Gsr;1652105483,408;0,05767032
E4_Gsr;1652105483,658;0,05767032
E4_Gsr;1652105483,908;0,05767032
E4_Gsr;1652105484,158;0,05767032
E4_Bvp;1652105484,43309;0,9225616
E4_Bvp;1652105484,44872;-0,2483215
E4_Bvp;1652105484,46435;-1,473389
E4_Bvp;1652105484,47997;-2,557846
E4_Bvp;1652105484,4956;-3,38147
E4_Bvp;1652105484,51122;-3,934158
E4_Bvp;1652105484,52685;-4,356583
E4_Bvp;1652105484,54247;-4,857849
E4_Bvp;1652105484,5581;-5,674149
E4_Bvp;1652105484,57373;-6,988785
E4_Bvp;1652105484,58935;-8,861618
E4_Bvp;1652105484,60498;-11,23677
E4_Bvp;1652105484,6206;-13,95322
E4_Bvp;1652105484,63623;-16,75667
E4_Bvp;1652105484,65185;-19,38029
E4_Bvp;1652105484,66748;-21,60439
E4_Bvp;1652105484,68311;-23,33006
E4_Bvp;1652105484,69873;-24,63438
E4_Bvp;1652105484,71436;-25,7574
E4_Bvp;1652105484,72998;-27,00626
E4_Bvp;1652105484,74561;-28,617
E4_Bvp;1652105484,76123;-30,6441
E4_Bvp;1652105484,77686;-32,81622
E4_Bvp;1652105484,79249;-34,56905
E4_Bvp;1652105484,80811;-35,21069
E4_Bvp;1652105484,82374;-34,09953
E4_Bvp;1652105484,83936;-30,89029
E4_Bvp;1652105484,85499;-25,67474
E4_Bvp;1652105484,87061;-18,9343
E4_Bvp;1652105484,88624;-11,43332
E4_Bvp;1652105484,90187;-4,014969
E4_Bvp;1652105484,91749;2,629959
E4_Bvp;1652105484,93312;8,006516
ManipulatedHR;1652105479,31326;113.5668
E4_Bvp;1652105484,94874;11,86807
E4_Hr;1652105479,31326;60,94956
E4_Ibi;1652105479,31326;0,9844205
E4_Bvp;1652105484,96437;14,18817
E4_Bvp;1652105484,97999;15,12543
E4_Bvp;1652105484,99562;14,94603
E4_Bvp;1652105485,01125;14,0269
E4_Bvp;1652105485,02687;12,75929
E4_Bvp;1652105485,0425;11,47729
E4_Bvp;1652105485,05812;10,45265
E4_Bvp;1652105485,07375;9,796951
E4_Bvp;1652105485,08937;9,557037
E4_Bvp;1652105485,105;9,745865
E4_Bvp;1652105485,12063;10,34329
E4_Bvp;1652105485,13625;11,31747
E4_Bvp;1652105485,15188;12,58786
E4_Bvp;1652105485,1675;14,01688
E4_Bvp;1652105485,18313;15,41551
E4_Bvp;1652105485,19875;16,63562
E4_Bvp;1652105485,21438;17,54791
E4_Bvp;1652105485,23001;18,06827
E4_Bvp;1652105485,24563;18,15839
E4_Bvp;1652105485,26126;17,77357
E4_Bvp;1652105485,27688;16,86418
E4_Bvp;1652105485,29251;15,43114
E4_Bvp;1652105485,30813;13,55209
E4_Bvp;1652105485,32376;11,38496
E4_Bvp;1652105485,33939;9,20369
E4_Bvp;1652105485,35501;7,273575
E4_Bvp;1652105485,37064;5,780334
E4_Bvp;1652105485,38626;4,766525
E4_Bvp;1652105485,40189;4,099228
E4_Bvp;1652105485,41751;3,560928
E4_Bvp;1652105485,43314;2,938721
E4_Bvp;1652105485,44877;2,104897
E4_Bvp;1652105485,46439;1,035019
E4_Bvp;1652105485,48002;-0,1845627
E4_Bvp;1652105485,49564;-1,420624
E4_Bvp;1652105485,51127;-2,551826
E4_Bvp;1652105485,52689;-3,51123
E4_Bvp;1652105485,54252;-4,338989
E4_Bvp;1652105485,55815;-5,151085
E4_Bvp;1652105485,57377;-6,129631
E4_Bvp;1652105485,5894;-7,451141
E4_Bvp;1652105485,60502;-9,163979
E4_Bvp;1652105485,62065;-11,22476
E4_Bvp;1652105485,63627;-13,42733
E4_Bvp;1652105485,6519;-15,52934
E4_Bvp;1652105485,66753;-17,36017
E4_Bvp;1652105485,68315;-18,89678
E4_Bvp;1652105485,69878;-20,30527
E4_Bvp;1652105485,7144;-21,8167
E4_Bvp;1652105485,73003;-23,68227
E4_Bvp;1652105485,74565;-26,04209
E4_Bvp;1652105485,76128;-28,86887
E4_Bvp;1652105485,77691;-31,95963
E4_Bvp;1652105485,79253;-34,90395
E4_Gsr;1652105484,408;0,05895188
E4_Gsr;1652105484,658;0,05767032
E4_Gsr;1652105484,908;0,05510719
E4_Gsr;1652105485,158;0,05510719
E4_Gsr;1652105485,408;0,05767032
E4_Gsr;1652105485,658;0,05510719
E4_Bvp;1652105485,80816;-37,14992
E4_Bvp;1652105485,82378;-38,07378
E4_Bvp;1652105485,83941;-37,15574
E4_Bvp;1652105485,85503;-34,09173
E4_Bvp;1652105485,87066;-28,95732
E4_Bvp;1652105485,88629;-22,18205
E4_Bvp;1652105485,90191;-14,49671
E4_Bvp;1652105485,91754;-6,748543
E4_Bvp;1652105485,93316;0,2984695
E4_Bvp;1652105485,94879;6,084976
E4_Bvp;1652105485,96441;10,35643
ManipulatedHR;1652105480,32893;109.3403
E4_Hr;1652105480,32893;59,07418
E4_Ibi;1652105480,32893;1,015672
E4_Bvp;1652105485,98004;13,09241
E4_Bvp;1652105485,99567;14,46555
E4_Bvp;1652105486,01129;14,72469
E4_Bvp;1652105486,02692;14,18233
E4_Bvp;1652105486,04254;13,12376
E4_Bvp;1652105486,05817;11,85345
E4_Bvp;1652105486,07379;10,66684
E4_Bvp;1652105486,08942;9,850876
E4_Bvp;1652105486,10505;9,632469
E4_Bvp;1652105486,12067;10,08621
E4_Bvp;1652105486,1363;11,13805
E4_Bvp;1652105486,15192;12,61324
E4_Bvp;1652105486,16755;14,29852
E4_Bvp;1652105486,18317;16,01081
E4_Bvp;1652105486,1988;17,63938
E4_Bvp;1652105486,21443;19,07083
E4_Bvp;1652105486,23005;20,16164
E4_Bvp;1652105486,24568;20,75455
E4_Bvp;1652105486,2613;20,71217
E4_Bvp;1652105486,27693;20,00346
E4_Bvp;1652105486,29256;18,72176
E4_Bvp;1652105486,30818;17,09793
E4_Bvp;1652105486,32381;15,34371
E4_Bvp;1652105486,33943;13,60254
E4_Bvp;1652105486,35506;11,91776
E4_Bvp;1652105486,37068;10,24262
E4_Bvp;1652105486,38631;8,559456
E4_Bvp;1652105486,40194;6,878876
E4_Bvp;1652105486,41756;5,261475
E4_Bvp;1652105486,43319;3,78154
E4_Bvp;1652105486,44881;2,518127
E4_Bvp;1652105486,46444;1,539589
E4_Bvp;1652105486,48006;0,8818741
E4_Bvp;1652105486,49569;0,5469437
E4_Bvp;1652105486,51132;0,4359665
E4_Bvp;1652105486,52694;0,3852844
E4_Bvp;1652105486,54257;0,1618652
E4_Bvp;1652105486,55819;-0,4667969
E4_Bvp;1652105486,57382;-1,621117
E4_Bvp;1652105486,58944;-3,277527
E4_Bvp;1652105486,60507;-5,263634
E4_Bvp;1652105486,6207;-7,393471
E4_Bvp;1652105486,63632;-9,51025
E4_Bvp;1652105486,65195;-11,55502
E4_Bvp;1652105486,66757;-13,55199
E4_Bvp;1652105486,6832;-15,61261
E4_Bvp;1652105486,69882;-17,83941
E4_Bvp;1652105486,71445;-20,31553
E4_Bvp;1652105486,73008;-23,04169
E4_Bvp;1652105486,7457;-25,84634
E4_Bvp;1652105486,76133;-28,34858
E4_Bvp;1652105486,77695;-29,95366
E4_Bvp;1652105486,79258;-30,01465
E4_Bvp;1652105486,8082;-28,01638
E4_Bvp;1652105486,82383;-23,82784
ManipulatedHR;1652105481,3446;89.38427
E4_Bvp;1652105486,83946;-17,78807
E4_Bvp;1652105486,85508;-10,61255
E4_Bvp;1652105486,87071;-3,209743
E4_Bvp;1652105486,88633;3,587189
E4_Bvp;1652105486,90196;9,202824
E4_Hr;1652105481,3446;59,07419
E4_Ibi;1652105481,3446;1,015672
E4_Bvp;1652105486,91758;13,34358
E4_Bvp;1652105486,93321;15,93132
E4_Bvp;1652105486,94884;17,05695
E4_Bvp;1652105486,96446;16,89663
E4_Bvp;1652105486,98009;15,67925
E4_Bvp;1652105486,99571;13,74172
E4_Bvp;1652105487,01134;11,49871
E4_Bvp;1652105487,02696;9,391506
E4_Bvp;1652105487,04259;7,828217
E4_Bvp;1652105487,05822;7,085545
E4_Bvp;1652105487,07384;7,238811
E4_Bvp;1652105487,08947;8,174496
E4_Bvp;1652105487,10509;9,630688
E4_Bvp;1652105487,12072;11,27997
E4_Bvp;1652105487,13634;12,80228
E4_Bvp;1652105487,15197;13,98869
E4_Bvp;1652105487,1676;14,75845
E4_Bvp;1652105487,18322;15,13762
E4_Bvp;1652105487,19885;15,17817
E4_Bvp;1652105487,21447;14,91526
E4_Bvp;1652105487,2301;14,32748
E4_Bvp;1652105487,24572;13,34082
E4_Bvp;1652105487,26135;11,90575
E4_Bvp;1652105487,27698;9,995905
E4_Bvp;1652105487,2926;7,689268
E4_Bvp;1652105487,30823;5,15443
E4_Bvp;1652105487,32385;2,63629
E4_Bvp;1652105487,33948;0,3985329
E4_Gsr;1652105485,908;0,05767032
E4_Gsr;1652105486,158;0,05767032
E4_Gsr;1652105486,408;0,05510719
E4_Gsr;1652105486,658;0,05767032
E4_Gsr;1652105486,908;0,05895188
E4_Gsr;1652105487,158;0,05895188
E4_Bvp;1652105487,3551;-1,317101
E4_Bvp;1652105487,37073;-2,361139
E4_Bvp;1652105487,38636;-2,715866
E4_Bvp;1652105487,40198;-2,510805
E4_Bvp;1652105487,41761;-1,986519
E4_Bvp;1652105487,43323;-1,448528
E4_Bvp;1652105487,44886;-1,184637
E4_Bvp;1652105487,46448;-1,366442
E4_Bvp;1652105487,48011;-2,06374
E4_Bvp;1652105487,49574;-3,246317
E4_Bvp;1652105487,51136;-4,799866
E4_Bvp;1652105487,52699;-6,586637
E4_Bvp;1652105487,54261;-8,455615
E4_Bvp;1652105487,55824;-10,24741
E4_Bvp;1652105487,57386;-11,84915
E4_Bvp;1652105487,58949;-13,23645
E4_Bvp;1652105487,60512;-14,48591
E4_Bvp;1652105487,62074;-15,78668
E4_Bvp;1652105487,63637;-17,42409
E4_Bvp;1652105487,65199;-19,66252
E4_Bvp;1652105487,66762;-22,61671
E4_Bvp;1652105487,68324;-26,09269
ManipulatedHR;1652105482,28215;88.14189
E4_Bvp;1652105487,69887;-29,50985
E4_Bvp;1652105487,7145;-32,00423
E4_Bvp;1652105487,73012;-32,66475
E4_Bvp;1652105487,74575;-30,83352
E4_Bvp;1652105487,76137;-26,33049
E4_Bvp;1652105487,777;-19,56149
E4_Bvp;1652105487,79262;-11,38794
E4_Bvp;1652105487,80825;-2,899129
E4_Bvp;1652105487,82388;4,894456
E4_Bvp;1652105487,8395;11,29181
E4_Hr;1652105482,28215;63,99704
E4_Ibi;1652105482,28215;0,9375434
E4_Bvp;1652105487,85513;15,95562
E4_Bvp;1652105487,87075;18,89093
E4_Bvp;1652105487,88638;20,31038
E4_Bvp;1652105487,902;20,50728
E4_Bvp;1652105487,91763;19,80409
E4_Bvp;1652105487,93326;18,5419
E4_Bvp;1652105487,94888;17,03699
E4_Bvp;1652105487,96451;15,63485
E4_Bvp;1652105487,98013;14,64097
E4_Bvp;1652105487,99576;14,27009
E4_Bvp;1652105488,01138;14,61056
E4_Bvp;1652105488,02701;15,60828
E4_Bvp;1652105488,04264;17,12965
E4_Bvp;1652105488,05826;18,99855
E4_Bvp;1652105488,07389;21,04798
E4_Bvp;1652105488,08951;23,08378
E4_Bvp;1652105488,10514;24,88575
E4_Bvp;1652105488,12076;26,19463
E4_Bvp;1652105488,13639;26,75896
E4_Bvp;1652105488,15202;26,42093
E4_Bvp;1652105488,16764;25,19868
E4_Bvp;1652105488,18327;23,25637
E4_Bvp;1652105488,19889;20,87223
E4_Bvp;1652105488,21452;18,33364
E4_Bvp;1652105488,23014;15,84304
E4_Bvp;1652105488,24577;13,51915
E4_Bvp;1652105488,2614;11,38333
E4_Bvp;1652105488,27702;9,432686
E4_Bvp;1652105488,29265;7,670557
E4_Bvp;1652105488,30827;6,102966
E4_Bvp;1652105488,3239;4,68597
E4_Bvp;1652105488,33952;3,331932
E4_Bvp;1652105488,35515;1,90464
E4_Bvp;1652105488,37078;0,3237801
E4_Bvp;1652105488,3864;-1,399656
E4_Bvp;1652105488,40203;-3,160318
E4_Bvp;1652105488,41765;-4,81555
E4_Bvp;1652105488,43328;-6,283403
E4_Bvp;1652105488,4489;-7,622869
E4_Bvp;1652105488,46453;-9,015556
E4_Bvp;1652105488,48016;-10,67726
E4_Bvp;1652105488,49578;-12,72251
E4_Bvp;1652105488,51141;-15,11553
E4_Bvp;1652105488,52703;-17,71269
E4_Bvp;1652105488,54266;-20,37848
E4_Bvp;1652105488,55829;-23,08007
E4_Bvp;1652105488,57391;-25,92086
E4_Bvp;1652105488,58954;-29,06623
E4_Bvp;1652105488,60516;-32,51882
E4_Bvp;1652105488,62079;-36,00205
E4_Bvp;1652105488,63641;-38,93983
E4_Bvp;1652105488,65204;-40,52323
E4_Bvp;1652105488,66767;-40,01043
E4_Bvp;1652105488,68329;-36,95207
E4_Bvp;1652105488,69892;-31,38179
E4_Bvp;1652105488,71454;-23,84558
ManipulatedHR;1652105483,21969;68.43892
E4_Bvp;1652105488,73017;-15,29324
E4_Bvp;1652105488,74579;-6,776619
E4_Bvp;1652105488,76142;0,8142242
E4_Bvp;1652105488,77705;6,94136
E4_Bvp;1652105488,79267;11,51463
E4_Hr;1652105483,21969;63,99704
E4_Ibi;1652105483,21969;0,9375434
E4_Bvp;1652105488,8083;14,67755
E4_Bvp;1652105488,82392;16,63852
E4_Bvp;1652105488,83955;17,55864
E4_Bvp;1652105488,85517;17,51808
E4_Bvp;1652105488,8708;16,60337
E4_Bvp;1652105488,88643;15,07364
E4_Gsr;1652105487,408;0,05510719
E4_Gsr;1652105487,658;0,05510719
E4_Gsr;1652105487,908;0,05510719
E4_Gsr;1652105488,158;0,05510719
E4_Gsr;1652105488,408;0,05895188
E4_Gsr;1652105488,658;0,05895188
E4_Bvp;1652105488,90205;13,36293
E4_Bvp;1652105488,91768;11,98958
E4_Bvp;1652105488,9333;11,40446
E4_Bvp;1652105488,94893;11,81514
E4_Bvp;1652105488,96455;13,11694
E4_Bvp;1652105488,98018;15,01057
E4_Bvp;1652105488,99581;17,08912
E4_Bvp;1652105489,01143;19,01717
E4_Bvp;1652105489,02706;20,57761
E4_Bvp;1652105489,04268;21,67429
E4_Bvp;1652105489,05831;22,28249
E4_Bvp;1652105489,07393;22,42706
E4_Bvp;1652105489,08956;22,11592
E4_Bvp;1652105489,10519;21,38248
E4_Bvp;1652105489,12081;20,26371
E4_Bvp;1652105489,13644;18,80462
E4_Bvp;1652105489,15206;17,06477
E4_Bvp;1652105489,16769;15,11093
E4_Bvp;1652105489,18331;13,00753
E4_Bvp;1652105489,19894;10,83884
E4_Bvp;1652105489,21457;8,73584
E4_Bvp;1652105489,23019;6,82177
E4_Bvp;1652105489,24582;5,19659
E4_Bvp;1652105489,26144;3,878937
E4_Bvp;1652105489,27707;2,759499
E4_Bvp;1652105489,29269;1,651756
E4_Bvp;1652105489,30832;0,3776817
E4_Bvp;1652105489,32395;-1,193096
E4_Bvp;1652105489,33957;-3,036217
E4_Bvp;1652105489,3552;-5,005314
E4_Bvp;1652105489,37082;-6,899124
E4_Bvp;1652105489,38645;-8,569252
E4_Bvp;1652105489,40207;-9,962341
E4_Bvp;1652105489,4177;-11,17288
E4_Bvp;1652105489,43333;-12,38575
E4_Bvp;1652105489,44895;-13,80674
E4_Bvp;1652105489,46458;-15,62528
E4_Bvp;1652105489,4802;-17,95184
E4_Bvp;1652105489,49583;-20,77764
E4_Bvp;1652105489,51145;-23,8768
E4_Bvp;1652105489,52708;-26,83564
E4_Bvp;1652105489,54271;-29,0201
E4_Bvp;1652105489,55833;-29,7712
E4_Bvp;1652105489,57396;-28,5508
ManipulatedHR;1652105484,17286;76.92992
E4_Bvp;1652105489,58958;-25,1258
E4_Bvp;1652105489,60521;-19,69582
E4_Bvp;1652105489,62083;-12,8429
E4_Bvp;1652105489,63646;-5,391933
E4_Bvp;1652105489,65209;1,81163
E4_Bvp;1652105489,66771;8,118587
E4_Hr;1652105484,17286;62,94791
E4_Ibi;1652105484,17286;0,9531691
E4_Bvp;1652105489,68334;13,19044
E4_Bvp;1652105489,69896;16,91201
E4_Bvp;1652105489,71459;19,33343
E4_Bvp;1652105489,73021;20,54816
E4_Bvp;1652105489,74584;20,63151
E4_Bvp;1652105489,76147;19,70249
E4_Bvp;1652105489,77709;17,99648
E4_Bvp;1652105489,79272;15,86437
E4_Bvp;1652105489,80834;13,77538
E4_Bvp;1652105489,82397;12,21441
E4_Bvp;1652105489,83959;11,52759
E4_Bvp;1652105489,85522;11,83485
E4_Bvp;1652105489,87085;13,03217
E4_Bvp;1652105489,88647;14,76795
E4_Bvp;1652105489,9021;16,64887
E4_Bvp;1652105489,91772;18,31522
E4_Bvp;1652105489,93335;19,55204
E4_Bvp;1652105489,94897;20,25977
E4_Bvp;1652105489,9646;20,44293
E4_Bvp;1652105489,98023;20,11486
E4_Bvp;1652105489,99585;19,24405
E4_Bvp;1652105490,01148;17,81244
E4_Bvp;1652105490,0271;15,8395
E4_Bvp;1652105490,04273;13,47359
E4_Bvp;1652105490,05835;10,97586
E4_Bvp;1652105490,07398;8,632381
E4_Bvp;1652105490,08961;6,630428
E4_Bvp;1652105490,10523;5,006744
E4_Bvp;1652105490,12086;3,635239
E4_Bvp;1652105490,13648;2,333351
E4_Bvp;1652105490,15211;0,9544525
E4_Bvp;1652105490,16773;-0,5452461
E4_Bvp;1652105490,18336;-2,143551
E4_Bvp;1652105490,19899;-3,795494
E4_Bvp;1652105490,21461;-5,49926
E4_Bvp;1652105490,23024;-7,300964
E4_Bvp;1652105490,24586;-9,252476
E4_Bvp;1652105490,26149;-11,35202
E4_Bvp;1652105490,27711;-13,52007
E4_Bvp;1652105490,29274;-15,63601
E4_Bvp;1652105490,30837;-17,56208
E4_Bvp;1652105490,32399;-19,18415
E4_Bvp;1652105490,33962;-20,51102
E4_Bvp;1652105490,35524;-21,654
E4_Bvp;1652105490,37087;-22,83225
E4_Bvp;1652105490,38649;-24,28236
E4_Bvp;1652105490,40212;-26,18414
E4_Bvp;1652105490,41775;-28,59342
E4_Bvp;1652105490,43337;-31,35469
E4_Gsr;1652105488,908;0,05767032
E4_Gsr;1652105489,158;0,05895188
E4_Gsr;1652105489,408;0,05895188
E4_Gsr;1652105489,658;0,05895188
E4_Gsr;1652105489,908;0,05510719
E4_Gsr;1652105490,158;0,05638875
E4_Bvp;1652105490,449;-34,06776
E4_Bvp;1652105490,46462;-36,08514
E4_Bvp;1652105490,48025;-36,65143
E4_Bvp;1652105490,49587;-35,10433
E4_Bvp;1652105490,5115;-31,11406
E4_Bvp;1652105490,52713;-24,84552
E4_Bvp;1652105490,54275;-16,96841
E4_Bvp;1652105490,55838;-8,470345
E4_Bvp;1652105490,574;-0,3843346
E4_Bvp;1652105490,58963;6,495583
E4_Bvp;1652105490,60525;11,79699
ManipulatedHR;1652105485,0479;67.36375
E4_Hr;1652105485,0479;68,56825
E4_Ibi;1652105485,0479;0,8750405
E4_Bvp;1652105490,62088;15,52924
E4_Bvp;1652105490,63651;17,93494
E4_Bvp;1652105490,65213;19,29762
E4_Bvp;1652105490,66776;19,81283
E4_Bvp;1652105490,68338;19,60866
E4_Bvp;1652105490,69901;18,82533
E4_Bvp;1652105490,71463;17,69323
E4_Bvp;1652105490,73026;16,54362
E4_Bvp;1652105490,74589;15,73345
E4_Bvp;1652105490,76151;15,52298
E4_Bvp;1652105490,77714;15,98983
E4_Bvp;1652105490,79276;17,01533
E4_Bvp;1652105490,80839;18,36666
E4_Bvp;1652105490,82401;19,79511
E4_Bvp;1652105490,83964;21,15998
E4_Bvp;1652105490,85527;22,41578
E4_Bvp;1652105490,87089;23,53222
E4_Bvp;1652105490,88652;24,43756
E4_Bvp;1652105490,90214;24,95749
E4_Bvp;1652105490,91777;24,88428
E4_Bvp;1652105490,93339;24,07023
E4_Bvp;1652105490,94902;22,49558
E4_Bvp;1652105490,96465;20,31566
E4_Bvp;1652105490,98027;17,81875
E4_Bvp;1652105490,9959;15,30663
E4_Bvp;1652105491,01152;13,04192
E4_Bvp;1652105491,02715;11,12654
E4_Bvp;1652105491,04277;9,557808
E4_Bvp;1652105491,0584;8,203148
E4_Bvp;1652105491,07403;6,934299
E4_Bvp;1652105491,08965;5,629974
E4_Bvp;1652105491,10528;4,276211
E4_Bvp;1652105491,1209;2,922348
E4_Bvp;1652105491,13653;1,611568
E4_Bvp;1652105491,15216;0,3943558
E4_Bvp;1652105491,16778;-0,7367058
E4_Bvp;1652105491,18341;-1,842041
E4_Bvp;1652105491,19903;-3,01458
E4_Bvp;1652105491,21466;-4,357094
E4_Bvp;1652105491,23028;-5,946392
E4_Bvp;1652105491,24591;-7,803192
E4_Bvp;1652105491,26154;-9,861652
E4_Bvp;1652105491,27716;-11,99785
E4_Bvp;1652105491,29279;-14,0313
E4_Bvp;1652105491,30841;-15,79892
E4_Bvp;1652105491,32404;-17,27164
E4_Bvp;1652105491,33966;-18,58082
E4_Bvp;1652105491,35529;-19,97572
E4_Bvp;1652105491,37092;-21,74057
E4_Bvp;1652105491,38654;-24,03385
E4_Bvp;1652105491,40217;-26,76897
E4_Bvp;1652105491,41779;-29,63318
E4_Bvp;1652105491,43342;-32,13713
E4_Bvp;1652105491,44904;-33,72626
E4_Bvp;1652105491,46467;-33,9193
ManipulatedHR;1652105485,98544;102.438
E4_Bvp;1652105491,4803;-32,38518
E4_Bvp;1652105491,49592;-29,03344
E4_Bvp;1652105491,51155;-24,02607
E4_Bvp;1652105491,52717;-17,81072
E4_Bvp;1652105491,5428;-11,00062
E4_Bvp;1652105491,55842;-4,313219
E4_Bvp;1652105491,57405;1,616413
E4_Bvp;1652105491,58968;6,339434
E4_Bvp;1652105491,6053;9,677977
E4_Hr;1652105485,98544;63,99704
E4_Ibi;1652105485,98544;0,9375434
E4_Bvp;1652105491,62093;11,708
E4_Bvp;1652105491,63655;12,64889
E4_Bvp;1652105491,65218;12,80817
E4_Bvp;1652105491,6678;12,45304
E4_Bvp;1652105491,68343;11,82918
E4_Bvp;1652105491,69906;11,13163
E4_Bvp;1652105491,71468;10,55956
E4_Bvp;1652105491,73031;10,27146
E4_Bvp;1652105491,74593;10,3947
E4_Bvp;1652105491,76156;10,99209
E4_Bvp;1652105491,77718;12,01227
E4_Bvp;1652105491,79281;13,32354
E4_Bvp;1652105491,80844;14,73745
E4_Gsr;1652105490,408;0,05638875
E4_Gsr;1652105490,658;0,05510719
E4_Gsr;1652105490,908;0,05767032
E4_Gsr;1652105491,158;0,05638875
E4_Gsr;1652105491,408;0,05638875
E4_Gsr;1652105491,658;0,05510719
E4_Bvp;1652105491,82406;16,06911
E4_Bvp;1652105491,83969;17,18435
E4_Bvp;1652105491,85531;18,00446
E4_Bvp;1652105491,87094;18,48468
E4_Bvp;1652105491,88656;18,57637
E4_Bvp;1652105491,90219;18,23254
E4_Bvp;1652105491,91782;17,41205
E4_Bvp;1652105491,93344;16,0963
E4_Bvp;1652105491,94907;14,34828
E4_Bvp;1652105491,96469;12,30299
E4_Bvp;1652105491,98032;10,11013
E4_Bvp;1652105491,99594;7,930891
E4_Bvp;1652105492,01157;5,859794
E4_Bvp;1652105492,0272;3,930414
E4_Bvp;1652105492,04282;2,173721
E4_Bvp;1652105492,05845;0,625946
E4_Bvp;1652105492,07407;-0,6603069
E4_Bvp;1652105492,0897;-1,645783
E4_Bvp;1652105492,10532;-2,328338
E4_Bvp;1652105492,12095;-2,820107
E4_Bvp;1652105492,13658;-3,31141
E4_Bvp;1652105492,1522;-4,062436
E4_Bvp;1652105492,16783;-5,258407
E4_Bvp;1652105492,18345;-6,954144
E4_Bvp;1652105492,19908;-9,013186
E4_Bvp;1652105492,2147;-11,19828
E4_Bvp;1652105492,23033;-13,23319
E4_Bvp;1652105492,24596;-14,9207
E4_Bvp;1652105492,26158;-16,22421
E4_Bvp;1652105492,27721;-17,24
E4_Bvp;1652105492,29283;-18,15828
E4_Bvp;1652105492,30846;-19,20471
E4_Bvp;1652105492,32408;-20,58291
E4_Bvp;1652105492,33971;-22,39567
E4_Bvp;1652105492,35534;-24,59167
E4_Bvp;1652105492,37096;-26,86087
E4_Bvp;1652105492,38659;-28,6651
E4_Bvp;1652105492,40221;-29,3002
E4_Bvp;1652105492,41784;-28,12257
E4_Bvp;1652105492,43346;-24,78804
E4_Bvp;1652105492,44909;-19,43667
E4_Bvp;1652105492,46472;-12,70351
E4_Bvp;1652105492,48034;-5,535515
E4_Bvp;1652105492,49597;1,103942
ManipulatedHR;1652105486,98549;116.0771
E4_Bvp;1652105492,51159;6,537992
E4_Bvp;1652105492,52722;10,47013
E4_Hr;1652105486,98549;59,99721
E4_Ibi;1652105486,98549;1,000046
E4_Bvp;1652105492,54284;12,98615
E4_Bvp;1652105492,55847;14,3976
E4_Bvp;1652105492,5741;15,03109
E4_Bvp;1652105492,58972;15,11663
E4_Bvp;1652105492,60535;14,78651
E4_Bvp;1652105492,62097;14,16696
E4_Bvp;1652105492,6366;13,43141
E4_Bvp;1652105492,65222;12,83259
E4_Bvp;1652105492,66785;12,60053
E4_Bvp;1652105492,68348;12,83706
E4_Bvp;1652105492,6991;13,52392
E4_Bvp;1652105492,71473;14,4815
E4_Bvp;1652105492,73035;15,50421
E4_Bvp;1652105492,74598;16,49249
E4_Bvp;1652105492,7616;17,46975
E4_Bvp;1652105492,77723;18,50169
E4_Bvp;1652105492,79286;19,60905
E4_Bvp;1652105492,80848;20,65586
E4_Bvp;1652105492,82411;21,33111
E4_Bvp;1652105492,83973;21,34224
E4_Bvp;1652105492,85536;20,5055
E4_Bvp;1652105492,87098;18,87695
E4_Bvp;1652105492,88661;16,72012
E4_Bvp;1652105492,90224;14,38689
E4_Bvp;1652105492,91786;12,17125
E4_Bvp;1652105492,93349;10,21629
E4_Bvp;1652105492,94911;8,535735
E4_Bvp;1652105492,96474;7,058766
E4_Bvp;1652105492,98036;5,740872
E4_Bvp;1652105492,99599;4,503552
E4_Bvp;1652105493,01162;3,358078
E4_Bvp;1652105493,02724;2,273703
E4_Bvp;1652105493,04287;1,265018
E4_Bvp;1652105493,05849;0,30758
E4_Bvp;1652105493,07412;-0,5862255
E4_Bvp;1652105493,08974;-1,39193
E4_Bvp;1652105493,10537;-2,09441
E4_Bvp;1652105493,121;-2,655945
E4_Bvp;1652105493,13662;-3,131666
E4_Bvp;1652105493,15225;-3,586502
E4_Bvp;1652105493,16787;-4,162249
E4_Bvp;1652105493,1835;-4,985178
E4_Bvp;1652105493,19912;-6,174234
E4_Bvp;1652105493,21475;-7,733747
E4_Bvp;1652105493,23038;-9,597185
E4_Bvp;1652105493,246;-11,62655
E4_Bvp;1652105493,26163;-13,66343
E4_Bvp;1652105493,27725;-15,61732
E4_Bvp;1652105493,29288;-17,43701
E4_Bvp;1652105493,30851;-19,14266
E4_Bvp;1652105493,32413;-20,79144
E4_Bvp;1652105493,33976;-22,47564
E4_Bvp;1652105493,35538;-24,29743
E4_Gsr;1652105491,908;0,05767032
E4_Gsr;1652105492,158;0,05767032
E4_Gsr;1652105492,408;0,05510719
E4_Gsr;1652105492,658;0,05382563
E4_Gsr;1652105492,908;0,05254406
E4_Gsr;1652105493,158;0,05382563
E4_Bvp;1652105493,37101;-26,38414
E4_Bvp;1652105493,38663;-28,78778
E4_Bvp;1652105493,40226;-31,41143
E4_Bvp;1652105493,41789;-33,89829
E4_Bvp;1652105493,43351;-35,64383
E4_Bvp;1652105493,44914;-35,9384
E4_Bvp;1652105493,46476;-34,20908
E4_Bvp;1652105493,48039;-30,24493
E4_Bvp;1652105493,49601;-24,34158
E4_Bvp;1652105493,51164;-17,21661
E4_Bvp;1652105493,52727;-9,823677
ManipulatedHR;1652105487,90741;117.0064
E4_Bvp;1652105493,54289;-3,057945
E4_Bvp;1652105493,55852;2,458836
E4_Bvp;1652105493,57414;6,510788
E4_Bvp;1652105493,58977;9,238472
E4_Hr;1652105487,90741;65,08173
E4_Ibi;1652105487,90741;0,9219177
E4_Bvp;1652105493,60539;10,94463
E4_Bvp;1652105493,62102;11,96103
E4_Bvp;1652105493,63665;12,5004
E4_Bvp;1652105493,65227;12,70615
E4_Bvp;1652105493,6679;12,68169
E4_Bvp;1652105493,68352;12,57691
E4_Bvp;1652105493,69915;12,58328
E4_Bvp;1652105493,71477;12,86453
E4_Bvp;1652105493,7304;13,47384
E4_Bvp;1652105493,74603;14,34529
E4_Bvp;1652105493,76165;15,34383
E4_Bvp;1652105493,77728;16,35981
E4_Bvp;1652105493,7929;17,3791
E4_Bvp;1652105493,80853;18,43803
E4_Bvp;1652105493,82415;19,52445
E4_Bvp;1652105493,83978;20,50989
E4_Bvp;1652105493,85541;21,15895
E4_Bvp;1652105493,87103;21,22993
E4_Bvp;1652105493,88666;20,5947
E4_Bvp;1652105493,90228;19,32746
E4_Bvp;1652105493,91791;17,64615
E4_Bvp;1652105493,93353;15,82886
E4_Bvp;1652105493,94916;14,09192
E4_Bvp;1652105493,96479;12,53799
E4_Bvp;1652105493,98041;11,19236
E4_Bvp;1652105493,99604;10,00533
E4_Bvp;1652105494,01166;8,937996
E4_Bvp;1652105494,02729;7,939926
E4_Bvp;1652105494,04291;6,990528
E4_Bvp;1652105494,05854;6,080162
E4_Bvp;1652105494,07417;5,226189
E4_Bvp;1652105494,08979;4,463928
E4_Bvp;1652105494,10542;3,818928
E4_Bvp;1652105494,12104;3,265919
E4_Bvp;1652105494,13667;2,698105
E4_Bvp;1652105494,15229;1,968674
E4_Bvp;1652105494,16792;0,9448547
E4_Bvp;1652105494,18355;-0,4199753
E4_Bvp;1652105494,19917;-2,04755
E4_Bvp;1652105494,2148;-3,745995
E4_Bvp;1652105494,23042;-5,286991
E4_Bvp;1652105494,24605;-6,503204
E4_Bvp;1652105494,26167;-7,406605
E4_Bvp;1652105494,2773;-8,131298
E4_Bvp;1652105494,29293;-8,917645
E4_Bvp;1652105494,30855;-9,943703
E4_Bvp;1652105494,32418;-11,29041
E4_Bvp;1652105494,3398;-12,87027
E4_Bvp;1652105494,35543;-14,49947
E4_Bvp;1652105494,37105;-15,98997
E4_Bvp;1652105494,38668;-17,25932
E4_Bvp;1652105494,40231;-18,3997
E4_Bvp;1652105494,41793;-19,66121
E4_Bvp;1652105494,43356;-21,31754
E4_Bvp;1652105494,44918;-23,55121
E4_Bvp;1652105494,46481;-26,34367
E4_Bvp;1652105494,48043;-29,41425
E4_Bvp;1652105494,49606;-32,29224
E4_Bvp;1652105494,51169;-34,38744
E4_Bvp;1652105494,52731;-35,13962
E4_Bvp;1652105494,54294;-34,11731
E4_Bvp;1652105494,55856;-31,15897
ManipulatedHR;1652105488,96996;79.85186
E4_Bvp;1652105494,57419;-26,41479
E4_Bvp;1652105494,58981;-20,31025
E4_Bvp;1652105494,60544;-13,50417
E4_Bvp;1652105494,62107;-6,72757
E4_Bvp;1652105494,63669;-0,6303787
E4_Bvp;1652105494,65232;4,33316
E4_Bvp;1652105494,66794;7,977882
E4_Hr;1652105488,96996;56,46798
E4_Ibi;1652105488,96996;1,062549
E4_Bvp;1652105494,68357;10,36921
E4_Bvp;1652105494,69919;11,68575
E4_Bvp;1652105494,71482;12,18288
E4_Bvp;1652105494,73045;12,11268
E4_Bvp;1652105494,74607;11,72566
E4_Bvp;1652105494,7617;11,25624
E4_Bvp;1652105494,77732;10,91476
E4_Bvp;1652105494,79295;10,86065
E4_Bvp;1652105494,80857;11,18294
E4_Bvp;1652105494,8242;11,86227
E4_Bvp;1652105494,83983;12,79806
E4_Bvp;1652105494,85545;13,84624
E4_Bvp;1652105494,87108;14,87606
E4_Bvp;1652105494,8867;15,82575
E4_Bvp;1652105494,90233;16,64912
E4_Gsr;1652105493,408;0,05510719
E4_Gsr;1652105493,658;0,05638875
E4_Gsr;1652105493,908;0,05767032
E4_Gsr;1652105494,158;0,05767032
E4_Gsr;1652105494,408;0,05767032
E4_Gsr;1652105494,658;0,05510719
E4_Bvp;1652105494,91795;17,33191
E4_Bvp;1652105494,93358;17,85126
E4_Bvp;1652105494,94921;18,16505
E4_Bvp;1652105494,96483;18,21304
E4_Bvp;1652105494,98046;17,91756
E4_Bvp;1652105494,99608;17,23389
E4_Bvp;1652105495,01171;16,17026
E4_Bvp;1652105495,02733;14,77349
E4_Bvp;1652105495,04296;13,17357
E4_Bvp;1652105495,05859;11,52954
E4_Bvp;1652105495,07421;9,987465
E4_Bvp;1652105495,08984;8,651199
E4_Bvp;1652105495,10546;7,556351
E4_Bvp;1652105495,12109;6,629852
E4_Bvp;1652105495,13671;5,782936
E4_Bvp;1652105495,15234;4,924408
E4_Bvp;1652105495,16797;4,032295
E4_Bvp;1652105495,18359;3,153046
E4_Bvp;1652105495,19922;2,367798
E4_Bvp;1652105495,21484;1,72979
E4_Bvp;1652105495,23047;1,247803
E4_Bvp;1652105495,24609;0,8481522
E4_Bvp;1652105495,26172;0,4203033
E4_Bvp;1652105495,27735;-0,1666946
E4_Bvp;1652105495,29297;-1,009468
E4_Bvp;1652105495,3086;-2,129288
E4_Bvp;1652105495,32422;-3,47963
E4_Bvp;1652105495,33985;-4,956818
E4_Bvp;1652105495,35547;-6,443642
E4_Bvp;1652105495,3711;-7,865128
E4_Bvp;1652105495,38673;-9,225075
E4_Bvp;1652105495,40235;-10,57887
E4_Bvp;1652105495,41798;-11,9942
E4_Bvp;1652105495,4336;-13,51266
E4_Bvp;1652105495,44923;-15,08432
E4_Bvp;1652105495,46485;-16,62189
E4_Bvp;1652105495,48048;-18,05052
E4_Bvp;1652105495,49611;-19,35049
E4_Bvp;1652105495,51173;-20,59223
E4_Bvp;1652105495,52736;-21,95072
E4_Bvp;1652105495,54298;-23,59311
E4_Bvp;1652105495,55861;-25,59893
E4_Bvp;1652105495,57423;-27,89715
E4_Bvp;1652105495,58986;-30,18814
ManipulatedHR;1652105490,04813;97.23918
E4_Bvp;1652105495,60549;-31,95509
E4_Bvp;1652105495,62111;-32,57041
E4_Bvp;1652105495,63674;-31,45412
E4_Bvp;1652105495,65236;-28,26495
E4_Bvp;1652105495,66799;-23,05669
E4_Bvp;1652105495,68361;-16,33718
E4_Bvp;1652105495,69924;-8,943626
E4_Bvp;1652105495,71487;-1,854408
E4_Bvp;1652105495,73049;4,140465
E4_Bvp;1652105495,74612;8,639473
E4_Hr;1652105490,04813;55,64959
E4_Ibi;1652105490,04813;1,078175
E4_Bvp;1652105495,76174;11,61645
E4_Bvp;1652105495,77737;13,37442
E4_Bvp;1652105495,79299;14,25999
E4_Bvp;1652105495,80862;14,53518
E4_Bvp;1652105495,82425;14,30794
E4_Bvp;1652105495,83987;13,593
E4_Bvp;1652105495,8555;12,43572
E4_Bvp;1652105495,87112;11,03007
E4_Bvp;1652105495,88675;9,726631
E4_Bvp;1652105495,90237;8,888603
E4_Bvp;1652105495,918;8,782913
E4_Bvp;1652105495,93363;9,449554
E4_Bvp;1652105495,94925;10,71934
E4_Bvp;1652105495,96488;12,29262
E4_Bvp;1652105495,9805;13,86454
E4_Bvp;1652105495,99613;15,20399
E4_Bvp;1652105496,01176;16,20384
E4_Bvp;1652105496,02738;16,85629
E4_Bvp;1652105496,04301;17,15069
E4_Bvp;1652105496,05863;17,0825
E4_Bvp;1652105496,07426;16,60838
E4_Bvp;1652105496,08988;15,70654
E4_Bvp;1652105496,10551;14,43687
E4_Bvp;1652105496,12114;12,9425
E4_Bvp;1652105496,13676;11,38774
E4_Bvp;1652105496,15239;9,942085
E4_Bvp;1652105496,16801;8,699326
E4_Bvp;1652105496,18364;7,599571
E4_Bvp;1652105496,19926;6,58976
E4_Bvp;1652105496,21489;5,586021
E4_Bvp;1652105496,23052;4,573593
E4_Bvp;1652105496,24614;3,6073
E4_Bvp;1652105496,26177;2,773895
E4_Bvp;1652105496,27739;2,12487
E4_Gsr;1652105494,908;0,05382563
E4_Gsr;1652105495,158;0,05510719
E4_Gsr;1652105495,408;0,05510719
E4_Gsr;1652105495,658;0,05382563
E4_Gsr;1652105495,908;0,05510719
E4_Gsr;1652105496,158;0,05767032
E4_Bvp;1652105496,29302;1,665054
E4_Bvp;1652105496,30864;1,340759
E4_Bvp;1652105496,32427;1,05555
E4_Bvp;1652105496,3399;0,7821732
E4_Bvp;1652105496,35552;0,4977417
E4_Bvp;1652105496,37115;0,1913834
E4_Bvp;1652105496,38677;-0,1941528
E4_Bvp;1652105496,4024;-0,7424316
E4_Bvp;1652105496,41802;-1,567627
E4_Bvp;1652105496,43365;-2,751709
E4_Bvp;1652105496,44928;-4,281898
E4_Bvp;1652105496,4649;-6,107956
E4_Bvp;1652105496,48053;-8,08268
E4_Bvp;1652105496,49615;-10,07111
E4_Bvp;1652105496,51178;-11,98492
E4_Bvp;1652105496,5274;-13,83527
E4_Bvp;1652105496,54303;-15,70805
E4_Bvp;1652105496,55866;-17,6964
E4_Bvp;1652105496,57428;-19,89233
E4_Bvp;1652105496,58991;-22,26148
E4_Bvp;1652105496,60553;-24,66555
E4_Bvp;1652105496,62116;-26,7653
ManipulatedHR;1652105491,12631;73.96143
E4_Bvp;1652105496,63678;-28,10185
E4_Bvp;1652105496,65241;-28,20226
E4_Bvp;1652105496,66804;-26,66227
E4_Bvp;1652105496,68366;-23,34114
E4_Bvp;1652105496,69929;-18,38819
E4_Bvp;1652105496,71491;-12,28569
E4_Bvp;1652105496,73054;-5,678391
E4_Bvp;1652105496,74616;0,7234497
E4_Bvp;1652105496,76179;6,354706
E4_Bvp;1652105496,77742;10,8774
E4_Hr;1652105491,12631;55,6496
E4_Ibi;1652105491,12631;1,078175
E4_Bvp;1652105496,79304;14,1656
E4_Bvp;1652105496,80867;16,29517
E4_Bvp;1652105496,82429;17,39571
E4_Bvp;1652105496,83992;17,59441
E4_Bvp;1652105496,85554;16,95631
E4_Bvp;1652105496,87117;15,56747
E4_Bvp;1652105496,8868;13,57076
E4_Bvp;1652105496,90242;11,28503
E4_Bvp;1652105496,91805;9,143738
E4_Bvp;1652105496,93367;7,635284
E4_Bvp;1652105496,9493;7,120659
E4_Bvp;1652105496,96492;7,713181
E4_Bvp;1652105496,98055;9,230598
E4_Bvp;1652105496,99618;11,26944
E4_Bvp;1652105497,0118;13,37902
E4_Bvp;1652105497,02743;15,19119
E4_Bvp;1652105497,04305;16,51934
E4_Bvp;1652105497,05868;17,30177
E4_Bvp;1652105497,0743;17,57701
E4_Bvp;1652105497,08993;17,41981
E4_Bvp;1652105497,10556;16,86067
E4_Bvp;1652105497,12118;15,93018
E4_Bvp;1652105497,13681;14,66988
E4_Bvp;1652105497,15243;13,1652
E4_Bvp;1652105497,16806;11,49929
E4_Bvp;1652105497,18368;9,764206
E4_Bvp;1652105497,19931;8,028954
E4_Bvp;1652105497,21494;6,367546
E4_Bvp;1652105497,23056;4,846733
E4_Bvp;1652105497,24619;3,53257
E4_Bvp;1652105497,26181;2,462341
E4_Bvp;1652105497,27744;1,587639
E4_Bvp;1652105497,29306;0,8372955
E4_Bvp;1652105497,30869;0,09143829
E4_Bvp;1652105497,32432;-0,7112274
E4_Bvp;1652105497,33994;-1,559937
E4_Bvp;1652105497,35557;-2,389847
E4_Bvp;1652105497,37119;-3,115494
E4_Bvp;1652105497,38682;-3,732674
E4_Bvp;1652105497,40244;-4,311737
E4_Bvp;1652105497,41807;-5,000526
E4_Bvp;1652105497,4337;-5,928253
E4_Bvp;1652105497,44932;-7,172592
E4_Bvp;1652105497,46495;-8,707245
E4_Bvp;1652105497,48057;-10,44901
E4_Bvp;1652105497,4962;-12,28034
E4_Bvp;1652105497,51182;-14,10213
E4_Bvp;1652105497,52745;-15,83134
E4_Bvp;1652105497,54308;-17,42863
E4_Bvp;1652105497,5587;-18,89613
E4_Bvp;1652105497,57433;-20,32176
E4_Bvp;1652105497,58995;-21,86171
E4_Bvp;1652105497,60558;-23,71455
E4_Bvp;1652105497,6212;-25,97208
E4_Bvp;1652105497,63683;-28,50237
E4_Bvp;1652105497,65246;-30,85278
ManipulatedHR;1652105492,1576;68.38396
E4_Bvp;1652105497,66808;-32,35658
E4_Bvp;1652105497,68371;-32,28728
E4_Bvp;1652105497,69933;-30,16908
E4_Bvp;1652105497,71496;-25,93903
E4_Bvp;1652105497,73058;-19,97735
E4_Bvp;1652105497,74621;-12,99277
E4_Bvp;1652105497,76184;-5,785522
E4_Bvp;1652105497,77746;0,9388199
E4_Bvp;1652105497,79309;6,703484
E4_Bvp;1652105497,80871;11,24373
E4_Hr;1652105492,1576;58,17913
E4_Ibi;1652105492,1576;1,031298
E4_Bvp;1652105497,82434;14,47544
E4_Gsr;1652105496,408;0,05767032
E4_Gsr;1652105496,658;0,05638875
E4_Gsr;1652105496,908;0,05895188
E4_Gsr;1652105497,158;0,05895188
E4_Gsr;1652105497,408;0,05895188
E4_Gsr;1652105497,658;0,05510719
E4_Bvp;1652105497,83996;16,45609
E4_Bvp;1652105497,85559;17,31327
E4_Bvp;1652105497,87122;17,21946
E4_Bvp;1652105497,88684;16,39019
E4_Bvp;1652105497,90247;15,04382
E4_Bvp;1652105497,91809;13,39913
E4_Bvp;1652105497,93372;11,73774
E4_Bvp;1652105497,94934;10,31689
E4_Bvp;1652105497,96497;9,394012
E4_Bvp;1652105497,9806;9,13443
E4_Bvp;1652105497,99622;9,562889
E4_Bvp;1652105498,01185;10,52889
E4_Bvp;1652105498,02747;11,82137
E4_Bvp;1652105498,0431;13,20165
E4_Bvp;1652105498,05872;14,49473
E4_Bvp;1652105498,07435;15,6364
E4_Bvp;1652105498,08998;16,56763
E4_Bvp;1652105498,1056;17,21758
E4_Bvp;1652105498,12123;17,47513
E4_Bvp;1652105498,13685;17,23403
E4_Bvp;1652105498,15248;16,43299
E4_Bvp;1652105498,16811;15,12609
E4_Bvp;1652105498,18373;13,45387
E4_Bvp;1652105498,19936;11,60338
E4_Bvp;1652105498,21498;9,757843
E4_Bvp;1652105498,23061;8,031166
E4_Bvp;1652105498,24623;6,485664
E4_Bvp;1652105498,26186;5,134415
E4_Bvp;1652105498,27749;3,948021
E4_Bvp;1652105498,29311;2,87471
E4_Bvp;1652105498,30874;1,858444
E4_Bvp;1652105498,32436;0,849472
E4_Bvp;1652105498,33999;-0,1915131
E4_Bvp;1652105498,35561;-1,247856
E4_Bvp;1652105498,37124;-2,295197
E4_Bvp;1652105498,38687;-3,283302
E4_Bvp;1652105498,40249;-4,19146
E4_Bvp;1652105498,41812;-5,043678
E4_Bvp;1652105498,43374;-5,892113
E4_Bvp;1652105498,44937;-6,823105
E4_Bvp;1652105498,46499;-7,902771
E4_Bvp;1652105498,48062;-9,187828
E4_Bvp;1652105498,49625;-10,66943
E4_Bvp;1652105498,51187;-12,28188
E4_Bvp;1652105498,5275;-13,91618
E4_Bvp;1652105498,54312;-15,4397
E4_Bvp;1652105498,55875;-16,79091
E4_Bvp;1652105498,57437;-17,96732
E4_Bvp;1652105498,59;-19,11797
E4_Bvp;1652105498,60563;-20,45926
E4_Bvp;1652105498,62125;-22,23204
E4_Bvp;1652105498,63688;-24,53798
E4_Bvp;1652105498,6525;-27,24772
E4_Bvp;1652105498,66813;-29,93916
E4_Bvp;1652105498,68375;-31,98577
ManipulatedHR;1652105493,1889;63.16912
E4_Bvp;1652105498,69938;-32,72058
E4_Bvp;1652105498,71501;-31,61699
E4_Bvp;1652105498,73063;-28,47397
E4_Bvp;1652105498,74626;-23,46209
E4_Bvp;1652105498,76188;-17,07684
E4_Bvp;1652105498,77751;-10,02128
E4_Bvp;1652105498,79313;-3,056503
E4_Bvp;1652105498,80876;3,17289
E4_Bvp;1652105498,82439;8,208183
E4_Hr;1652105493,1889;58,17912
E4_Ibi;1652105493,1889;1,031298
E4_Bvp;1652105498,84001;11,80195
E4_Bvp;1652105498,85564;13,94618
E4_Bvp;1652105498,87126;14,77248
E4_Bvp;1652105498,88689;14,51888
E4_Bvp;1652105498,90251;13,48581
E4_Bvp;1652105498,91814;11,97116
E4_Bvp;1652105498,93377;10,26988
E4_Bvp;1652105498,94939;8,686592
E4_Bvp;1652105498,96502;7,498222
E4_Bvp;1652105498,98064;6,923447
E4_Bvp;1652105498,99627;7,050293
E4_Bvp;1652105499,01189;7,822258
E4_Bvp;1652105499,02752;9,03817
E4_Bvp;1652105499,04315;10,45697
E4_Bvp;1652105499,05877;11,87128
E4_Bvp;1652105499,0744;13,13229
E4_Bvp;1652105499,09002;14,16872
E4_Bvp;1652105499,10565;14,9399
E4_Bvp;1652105499,12127;15,38323
E4_Bvp;1652105499,1369;15,43726
E4_Bvp;1652105499,15253;15,07041
E4_Bvp;1652105499,16815;14,31674
E4_Bvp;1652105499,18378;13,27274
E4_Bvp;1652105499,1994;12,03853
E4_Bvp;1652105499,21503;10,66648
E4_Bvp;1652105499,23065;9,195847
E4_Bvp;1652105499,24628;7,629745
E4_Bvp;1652105499,26191;6,012695
E4_Bvp;1652105499,27753;4,43528
E4_Bvp;1652105499,29316;2,996864
E4_Bvp;1652105499,30878;1,74382
E4_Bvp;1652105499,32441;0,6359634
E4_Bvp;1652105499,34003;-0,3937988
E4_Bvp;1652105499,35566;-1,400185
E4_Bvp;1652105499,37129;-2,349617
E4_Gsr;1652105497,908;0,05510719
E4_Gsr;1652105498,158;0,05510719
E4_Gsr;1652105498,408;0,05510719
E4_Gsr;1652105498,658;0,05510719
E4_Gsr;1652105498,908;0,05638875
E4_Gsr;1652105499,158;0,05638875
E4_Bvp;1652105499,38691;-3,153458
E4_Bvp;1652105499,40254;-3,708549
E4_Bvp;1652105499,41816;-3,994576
E4_Bvp;1652105499,43379;-4,109085
E4_Bvp;1652105499,44941;-4,21656
E4_Bvp;1652105499,46504;-4,496231
E4_Bvp;1652105499,48067;-5,046677
E4_Bvp;1652105499,49629;-5,89502
E4_Bvp;1652105499,51192;-6,981758
E4_Bvp;1652105499,52754;-8,245605
E4_Bvp;1652105499,54317;-9,635345
E4_Bvp;1652105499,55879;-11,12651
E4_Bvp;1652105499,57442;-12,71102
E4_Bvp;1652105499,59005;-14,39143
E4_Bvp;1652105499,60567;-16,19268
E4_Bvp;1652105499,6213;-18,1392
E4_Bvp;1652105499,63692;-20,26068
E4_Bvp;1652105499,65255;-22,5057
E4_Bvp;1652105499,66817;-24,65883
E4_Bvp;1652105499,6838;-26,33959
E4_Bvp;1652105499,69943;-27,00125
E4_Bvp;1652105499,71505;-26,14088
ManipulatedHR;1652105494,20457;107.8486
E4_Bvp;1652105499,73068;-23,46195
E4_Bvp;1652105499,7463;-19,02794
E4_Bvp;1652105499,76193;-13,28527
E4_Bvp;1652105499,77755;-6,927612
E4_Bvp;1652105499,79318;-0,716156
E4_Bvp;1652105499,80881;4,750931
E4_Bvp;1652105499,82443;9,08725
E4_Hr;1652105494,20457;59,07419
E4_Ibi;1652105494,20457;1,015672
E4_Bvp;1652105499,84006;12,16285
E4_Bvp;1652105499,85568;13,99624
E4_Bvp;1652105499,87131;14,70955
E4_Bvp;1652105499,88693;14,47942
E4_Bvp;1652105499,90256;13,52975
E4_Bvp;1652105499,91819;12,12116
E4_Bvp;1652105499,93381;10,51152
E4_Bvp;1652105499,94944;8,96489
E4_Bvp;1652105499,96506;7,686722
E4_Bvp;1652105499,98069;6,862587
E4_Bvp;1652105499,99631;6,650208
E4_Bvp;1652105500,01194;7,150047
E4_Bvp;1652105500,02757;8,335869
E4_Bvp;1652105500,04319;10,05204
E4_Bvp;1652105500,05882;12,00153
E4_Bvp;1652105500,07444;13,80659
E4_Bvp;1652105500,09007;15,16266
E4_Bvp;1652105500,10569;15,87678
E4_Bvp;1652105500,12132;15,9053
E4_Bvp;1652105500,13695;15,34363
E4_Bvp;1652105500,15257;14,34443
E4_Bvp;1652105500,1682;13,06419
E4_Bvp;1652105500,18382;11,59932
E4_Bvp;1652105500,19945;10,01633
E4_Bvp;1652105500,21507;8,33123
E4_Bvp;1652105500,2307;6,582268
E4_Bvp;1652105500,24633;4,832146
E4_Bvp;1652105500,26195;3,191521
E4_Bvp;1652105500,27758;1,781685
E4_Bvp;1652105500,2932;0,6948547
E4_Bvp;1652105500,30883;-0,03168488
E4_Bvp;1652105500,32445;-0,4773712
E4_Bvp;1652105500,34008;-0,8166809
E4_Bvp;1652105500,35571;-1,281837
E4_Bvp;1652105500,37133;-2,022621
E4_Bvp;1652105500,38696;-3,080452
E4_Bvp;1652105500,40258;-4,387672
E4_Bvp;1652105500,41821;-5,814713
E4_Bvp;1652105500,43384;-7,237152
E4_Bvp;1652105500,44946;-8,636742
E4_Bvp;1652105500,46509;-10,03342
E4_Bvp;1652105500,48071;-11,48806
E4_Bvp;1652105500,49634;-13,02518
E4_Bvp;1652105500,51196;-14,60293
E4_Bvp;1652105500,52759;-16,19885
E4_Bvp;1652105500,54322;-17,83929
E4_Bvp;1652105500,55884;-19,62057
E4_Bvp;1652105500,57447;-21,6618
E4_Bvp;1652105500,59009;-24,01791
E4_Bvp;1652105500,60572;-26,50665
E4_Bvp;1652105500,62134;-28,68102
E4_Bvp;1652105500,63697;-29,91116
E4_Bvp;1652105500,6526;-29,54649
E4_Bvp;1652105500,66822;-27,19721
E4_Bvp;1652105500,68385;-22,87173
E4_Bvp;1652105500,69947;-17,00921
E4_Bvp;1652105500,7151;-10,30431
E4_Bvp;1652105500,73072;-3,542801
E4_Bvp;1652105500,74635;2,624428
ManipulatedHR;1652105495,20462;76.14128
E4_Bvp;1652105500,76198;7,775078
E4_Hr;1652105495,20462;59,99723
E4_Ibi;1652105495,20462;1,000046
E4_Bvp;1652105500,7776;11,69244
E4_Bvp;1652105500,79323;14,32012
E4_Bvp;1652105500,80885;15,71453
E4_Bvp;1652105500,82448;16,00452
E4_Bvp;1652105500,8401;15,41317
E4_Bvp;1652105500,85573;14,23591
E4_Bvp;1652105500,87136;12,77334
E4_Bvp;1652105500,88698;11,30769
E4_Bvp;1652105500,90261;10,02779
E4_Bvp;1652105500,91823;9,054184
E4_Gsr;1652105499,408;0,05895188
E4_Gsr;1652105499,658;0,05895188
E4_Gsr;1652105499,908;0,05895188
E4_Gsr;1652105500,158;0,05767032
E4_Gsr;1652105500,408;0,05510719
E4_Gsr;1652105500,658;0,05510719
E4_Bvp;1652105500,93386;8,491814
E4_Bvp;1652105500,94948;8,413467
E4_Bvp;1652105500,96511;8,917076
E4_Bvp;1652105500,98074;10,01165
E4_Bvp;1652105500,99636;11,61601
E4_Bvp;1652105501,01199;13,51694
E4_Bvp;1652105501,02761;15,41554
E4_Bvp;1652105501,04324;16,99143
E4_Bvp;1652105501,05886;17,97631
E4_Bvp;1652105501,07449;18,21125
E4_Bvp;1652105501,09012;17,68864
E4_Bvp;1652105501,10574;16,522
E4_Bvp;1652105501,12137;14,92607
E4_Bvp;1652105501,13699;13,12445
E4_Bvp;1652105501,15262;11,28826
E4_Bvp;1652105501,16824;9,514503
E4_Bvp;1652105501,18387;7,802338
E4_Bvp;1652105501,1995;6,096169
E4_Bvp;1652105501,21512;4,35257
E4_Bvp;1652105501,23075;2,585342
E4_Bvp;1652105501,24637;0,8709793
E4_Bvp;1652105501,262;-0,6473312
E4_Bvp;1652105501,27762;-1,861374
E4_Bvp;1652105501,29325;-2,727104
E4_Bvp;1652105501,30888;-3,295837
E4_Bvp;1652105501,3245;-3,729759
E4_Bvp;1652105501,34013;-4,263855
E4_Bvp;1652105501,35575;-5,096909
E4_Bvp;1652105501,37138;-6,341637
E4_Bvp;1652105501,387;-8,008591
E4_Bvp;1652105501,40263;-10,0019
E4_Bvp;1652105501,41826;-12,1452
E4_Bvp;1652105501,43388;-14,28352
E4_Bvp;1652105501,44951;-16,29646
E4_Bvp;1652105501,46513;-18,13747
E4_Bvp;1652105501,48076;-19,88615
E4_Bvp;1652105501,49638;-21,65971
E4_Bvp;1652105501,51201;-23,61019
E4_Bvp;1652105501,52764;-25,85944
E4_Bvp;1652105501,54326;-28,39423
E4_Bvp;1652105501,55889;-30,98252
E4_Bvp;1652105501,57451;-33,14906
E4_Bvp;1652105501,59014;-34,24585
E4_Bvp;1652105501,60576;-33,63385
ManipulatedHR;1652105496,14216;93.07251
E4_Bvp;1652105501,62139;-30,91203
E4_Bvp;1652105501,63702;-26,10388
E4_Bvp;1652105501,65264;-19,67309
E4_Bvp;1652105501,66827;-12,42537
E4_Bvp;1652105501,68389;-5,2598
E4_Bvp;1652105501,69952;1,07061
E4_Bvp;1652105501,71514;6,120285
E4_Bvp;1652105501,73077;9,757675
E4_Hr;1652105496,14216;63,99704
E4_Ibi;1652105496,14216;0,9375434
E4_Bvp;1652105501,7464;12,06881
E4_Bvp;1652105501,76202;13,2593
E4_Bvp;1652105501,77765;13,53285
E4_Bvp;1652105501,79327;13,11481
E4_Bvp;1652105501,8089;12,23628
E4_Bvp;1652105501,82452;11,1721
E4_Bvp;1652105501,84015;10,2078
E4_Bvp;1652105501,85578;9,561069
E4_Bvp;1652105501,8714;9,375732
E4_Bvp;1652105501,88703;9,665733
E4_Bvp;1652105501,90265;10,36812
E4_Bvp;1652105501,91828;11,39113
E4_Bvp;1652105501,9339;12,67861
E4_Bvp;1652105501,94953;14,16986
E4_Bvp;1652105501,96516;15,79943
E4_Bvp;1652105501,98078;17,40524
E4_Bvp;1652105501,99641;18,70636
E4_Bvp;1652105502,01203;19,40754
E4_Bvp;1652105502,02766;19,24376
E4_Bvp;1652105502,04328;18,13923
E4_Bvp;1652105502,05891;16,23104
E4_Bvp;1652105502,07454;13,86868
E4_Bvp;1652105502,09016;11,47092
E4_Bvp;1652105502,10579;9,380445
E4_Bvp;1652105502,12141;7,794001
E4_Bvp;1652105502,13704;6,674047
E4_Bvp;1652105502,15266;5,861124
E4_Bvp;1652105502,16829;5,125061
E4_Bvp;1652105502,18392;4,279686
E4_Bvp;1652105502,19954;3,21648
E4_Bvp;1652105502,21517;1,95579
E4_Bvp;1652105502,23079;0,6082401
E4_Bvp;1652105502,24642;-0,6776104
E4_Bvp;1652105502,26204;-1,781168
E4_Bvp;1652105502,27767;-2,687126
E4_Bvp;1652105502,2933;-3,480694
E4_Gsr;1652105500,908;0,05510719
E4_Gsr;1652105501,158;0,05638875
E4_Gsr;1652105501,408;0,05895188
E4_Gsr;1652105501,658;0,05767032
E4_Gsr;1652105501,908;0,05895188
E4_Gsr;1652105502,158;0,05895188
E4_Bvp;1652105502,30892;-4,325516
E4_Bvp;1652105502,32455;-5,375639
E4_Bvp;1652105502,34017;-6,71036
E4_Bvp;1652105502,3558;-8,295721
E4_Bvp;1652105502,37142;-10,00146
E4_Bvp;1652105502,38705;-11,69101
E4_Bvp;1652105502,40268;-13,28386
E4_Bvp;1652105502,4183;-14,7932
E4_Bvp;1652105502,43393;-16,34799
E4_Bvp;1652105502,44955;-18,13968
E4_Bvp;1652105502,46518;-20,34226
E4_Bvp;1652105502,4808;-23,04493
E4_Bvp;1652105502,49643;-26,1535
E4_Bvp;1652105502,51206;-29,3219
E4_Bvp;1652105502,52768;-31,99327
E4_Bvp;1652105502,54331;-33,45613
E4_Bvp;1652105502,55893;-33,05098
E4_Bvp;1652105502,57456;-30,37637
E4_Bvp;1652105502,59018;-25,42338
E4_Bvp;1652105502,60581;-18,64878
E4_Bvp;1652105502,62144;-10,82912
E4_Bvp;1652105502,63706;-2,90666
ManipulatedHR;1652105497,11096;119.9638
E4_Bvp;1652105502,65269;4,265012
E4_Bvp;1652105502,66831;10,0579
E4_Hr;1652105497,11096;61,9326
E4_Ibi;1652105497,11096;0,9687951
E4_Bvp;1652105502,68394;14,17463
E4_Bvp;1652105502,69956;16,61334
E4_Bvp;1652105502,71519;17,58084
E4_Bvp;1652105502,73082;17,40689
E4_Bvp;1652105502,74644;16,45539
E4_Bvp;1652105502,76207;15,06054
E4_Bvp;1652105502,77769;13,5291
E4_Bvp;1652105502,79332;12,16844
E4_Bvp;1652105502,80894;11,24878
E4_Bvp;1652105502,82457;10,99431
E4_Bvp;1652105502,8402;11,51243
E4_Bvp;1652105502,85582;12,72558
E4_Bvp;1652105502,87145;14,40475
E4_Bvp;1652105502,88707;16,22743
E4_Bvp;1652105502,9027;17,86407
E4_Bvp;1652105502,91832;19,11135
E4_Bvp;1652105502,93395;19,8974
E4_Bvp;1652105502,94958;20,23115
E4_Bvp;1652105502,9652;20,16356
E4_Bvp;1652105502,98083;19,74012
E4_Bvp;1652105502,99645;18,96438
E4_Bvp;1652105503,01208;17,85262
E4_Bvp;1652105503,02771;16,46029
E4_Bvp;1652105503,04333;14,8432
E4_Bvp;1652105503,05896;13,10228
E4_Bvp;1652105503,07458;11,31335
E4_Bvp;1652105503,09021;9,541462
E4_Bvp;1652105503,10583;7,823936
E4_Bvp;1652105503,12146;6,206329
E4_Bvp;1652105503,13709;4,712753
E4_Bvp;1652105503,15271;3,392536
E4_Bvp;1652105503,16834;2,266449
E4_Bvp;1652105503,18396;1,307251
E4_Bvp;1652105503,19959;0,4583244
E4_Bvp;1652105503,21521;-0,3735161
E4_Bvp;1652105503,23084;-1,311543
E4_Bvp;1652105503,24647;-2,469646
E4_Bvp;1652105503,26209;-3,913132
E4_Bvp;1652105503,27772;-5,617702
E4_Bvp;1652105503,29334;-7,456272
E4_Bvp;1652105503,30897;-9,245773
E4_Bvp;1652105503,32459;-10,90384
E4_Bvp;1652105503,34022;-12,44595
E4_Bvp;1652105503,35585;-14,07309
E4_Bvp;1652105503,37147;-16,03852
E4_Bvp;1652105503,3871;-18,48864
E4_Bvp;1652105503,40272;-21,33846
E4_Bvp;1652105503,41835;-24,27183
E4_Bvp;1652105503,43397;-26,76222
E4_Bvp;1652105503,4496;-28,21257
E4_Bvp;1652105503,46523;-28,14491
E4_Bvp;1652105503,48085;-26,21854
E4_Bvp;1652105503,49648;-22,32226
ManipulatedHR;1652105498,0485;63.85459
E4_Bvp;1652105503,5121;-16,64833
E4_Bvp;1652105503,52773;-9,651321
E4_Bvp;1652105503,54335;-2,008301
E4_Bvp;1652105503,55898;5,456272
E4_Bvp;1652105503,57461;11,93992
E4_Hr;1652105498,0485;63,99704
E4_Ibi;1652105498,0485;0,9375434
E4_Bvp;1652105503,59023;16,89537
E4_Bvp;1652105503,60586;20,08199
E4_Bvp;1652105503,62148;21,58974
E4_Bvp;1652105503,63711;21,72297
E4_Bvp;1652105503,65273;20,85124
E4_Bvp;1652105503,66836;19,35454
E4_Bvp;1652105503,68399;17,55392
E4_Bvp;1652105503,69961;15,74395
E4_Bvp;1652105503,71524;14,20486
E4_Bvp;1652105503,73086;13,18098
E4_Bvp;1652105503,74649;12,85826
E4_Bvp;1652105503,76211;13,2961
E4_Bvp;1652105503,77774;14,41701
E4_Bvp;1652105503,79337;16,00116
E4_Bvp;1652105503,80899;17,75718
E4_Bvp;1652105503,82462;19,3471
E4_Bvp;1652105503,84024;20,51685
E4_Gsr;1652105502,408;0,06023344
E4_Gsr;1652105502,658;0,06023344
E4_Gsr;1652105502,908;0,05895188
E4_Gsr;1652105503,158;0,05638875
E4_Gsr;1652105503,408;0,05638875
E4_Gsr;1652105503,658;0,05638875
E4_Bvp;1652105503,85587;21,13197
E4_Bvp;1652105503,87149;21,17006
E4_Bvp;1652105503,88712;20,7034
E4_Bvp;1652105503,90275;19,84237
E4_Bvp;1652105503,91837;18,65005
E4_Bvp;1652105503,934;17,14232
E4_Bvp;1652105503,94962;15,33674
E4_Bvp;1652105503,96525;13,2748
E4_Bvp;1652105503,98087;11,0779
E4_Bvp;1652105503,9965;8,936146
E4_Bvp;1652105504,01213;7,026985
E4_Bvp;1652105504,02775;5,457401
E4_Bvp;1652105504,04338;4,202538
E4_Bvp;1652105504,059;3,196945
E4_Bvp;1652105504,07463;2,32605
E4_Bvp;1652105504,09025;1,532333
E4_Bvp;1652105504,10588;0,7969093
E4_Bvp;1652105504,12151;0,1349487
E4_Bvp;1652105504,13713;-0,4848251
E4_Bvp;1652105504,15276;-1,170197
E4_Bvp;1652105504,16838;-2,046021
E4_Bvp;1652105504,18401;-3,259518
E4_Bvp;1652105504,19963;-4,875214
E4_Bvp;1652105504,21526;-6,857342
E4_Bvp;1652105504,23089;-9,085896
E4_Bvp;1652105504,24651;-11,39132
E4_Bvp;1652105504,26214;-13,62962
E4_Bvp;1652105504,27776;-15,74129
E4_Bvp;1652105504,29339;-17,74526
E4_Bvp;1652105504,30901;-19,74891
E4_Bvp;1652105504,32464;-21,93861
E4_Bvp;1652105504,34027;-24,45432
E4_Bvp;1652105504,35589;-27,34977
E4_Bvp;1652105504,37152;-30,46636
E4_Bvp;1652105504,38714;-33,38466
E4_Bvp;1652105504,40277;-35,48861
E4_Bvp;1652105504,41839;-36,06584
E4_Bvp;1652105504,43402;-34,5416
E4_Bvp;1652105504,44965;-30,66977
E4_Bvp;1652105504,46527;-24,66951
E4_Bvp;1652105504,4809;-17,16742
E4_Bvp;1652105504,49652;-9,061806
E4_Bvp;1652105504,51215;-1,266907
E4_Bvp;1652105504,52777;5,519592
